CSI
0
; valid_time, avtime, &ct0->hits, &ct0->fas, &ct0->misss, &ct0->crs[, &ct1->hits, &ct1->fas, &ct1->misss, &ct1->crs]
1598745600 1598747400 110 249 177 5984
1598749200 1598751000 110 186 195 6163
1598752800 1598754600 103 207 198 6282
1598756400 1598758200 99 156 255 6273
1598760000 1598761800 102 140 188 6386
1598763600 1598765400 123 156 134 6379
1598767200 1598769000 123 219 151 6268
1598770800 1598772600 136 164 89 6387
1598774400 1598776200 123 160 81 6221
1598778000 1598779800 146 176 67 6141
1598781600 1598783400 141 170 88 6169
1598785200 1598787000 138 143 89 6154
1598788800 1598790600 139 163 73 6221
1598792400 1598794200 136 221 74 6198
1598796000 1598797800 104 172 66 6261
1598799600 1598801400 67 187 89 6235
1598803200 1598805000 46 131 79 6352
1598806800 1598808600 29 124 67 6369
1598810400 1598812200 44 125 100 6301
1598814000 1598815800 71 155 108 6268
1598817600 1598819400 80 236 128 6163
1598821200 1598823000 120 278 95 6083
1598824800 1598826600 118 306 120 6056
1598828400 1598830200 148 317 116 6048
1598832000 1598833800 184 247 154 6076
1598835600 1598837400 204 189 165 6157
1598839200 1598841000 208 190 149 6234
1598842800 1598844600 206 124 203 6263
1598846400 1598848200 143 138 180 6308
1598850000 1598851800 137 109 143 6372
1598853600 1598855400 150 107 135 6306
1598857200 1598859000 177 123 93 6153
1598860800 1598862600 192 154 87 6099
1598864400 1598866200 198 178 108 6071
1598868000 1598869800 254 168 106 6037
1598871600 1598873400 283 299 100 6066
1598875200 1598877000 300 251 118 6041
1598878800 1598880600 323 291 130 5956
1598882400 1598884200 320 310 143 5935
1598886000 1598887800 281 344 152 5896
1598889600 1598891400 256 359 113 5938
1598893200 1598895000 225 314 175 5938
1598896800 1598898600 211 330 201 5904
1598900400 1598902200 259 353 225 5802
1598904000 1598905800 243 361 185 5853
1598907600 1598909400 210 419 185 5846
1598911200 1598913000 181 411 176 5913
1598914800 1598916600 157 283 145 5836
1598918400 1598920200 109 207 113 6040
1598922000 1598923800 112 225 87 6253
1598925600 1598927400 83 195 115 6381
1598929200 1598931000 39 112 166 6474
1598932800 1598934600 51 149 126 6471
1598936400 1598938200 77 190 114 6393
1598940000 1598941800 47 147 103 6229
1598943600 1598945400 66 155 96 6202
1598947200 1598949000 106 182 99 6144
1598950800 1598952600 138 210 98 6084
1598954400 1598956200 157 232 72 6103
1598958000 1598959800 136 138 90 6242
1598961600 1598963400 143 168 100 6273
1598965200 1598967000 165 240 116 6183
1598968800 1598970600 199 209 122 6165
1598972400 1598974200 223 236 106 5973
1598976000 1598977800 192 238 134 5807
1598979600 1598981400 203 241 135 5955
1598983200 1598985000 215 270 152 5876
1598986800 1598988600 236 277 163 5852
1598990400 1598992200 240 297 140 5911
1598994000 1598995800 215 389 163 5802
1598997600 1598999400 165 439 179 5827
1599001200 1599003000 159 293 149 5887
1599004800 1599006600 130 223 149 6129
1599008400 1599010200 146 280 105 5981
1599012000 1599013800 147 219 124 6294
1599015600 1599017400 137 163 228 6276
1599019200 1599021000 146 124 194 6342
1599022800 1599024600 115 153 236 6246
1599026400 1599028200 102 167 235 6266
1599030000 1599031800 132 158 117 6170
1599033600 1599035400 145 202 146 6090
1599037200 1599039000 143 156 200 6061
1599040800 1599042600 184 238 170 5995
1599044400 1599046200 237 216 144 5961
1599048000 1599049800 229 278 151 6047
1599051600 1599053400 232 284 169 5975
1599055200 1599057000 253 215 158 5908
1599058800 1599060600 223 282 126 5872
1599062400 1599064200 169 241 131 5945
1599066000 1599067800 155 226 148 5958
1599069600 1599071400 131 225 152 5959
1599073200 1599075000 122 269 165 5933
1599076800 1599078600 141 331 161 5862
1599080400 1599082200 154 354 117 5929
1599084000 1599085800 102 330 103 6093
1599087600 1599089400 104 243 125 6177
1599091200 1599093000 93 202 128 6247
1599094800 1599096600 114 216 142 6252
1599098400 1599100200 117 161 196 6345
1599102000 1599103800 109 181 228 6290
1599105600 1599107400 122 121 207 6349
1599109200 1599111000 122 145 155 6295
1599112800 1599114600 130 179 91 6117
1599116400 1599118200 88 181 121 6115
1599120000 1599121800 82 168 87 6181
1599123600 1599125400 92 183 66 6110
1599127200 1599129000 97 194 76 6176
1599130800 1599132600 116 141 88 6191
1599134400 1599136200 108 123 99 6284
1599138000 1599139800 121 162 86 6194
1599141600 1599143400 127 173 77 6132
1599145200 1599147000 119 175 71 6082
1599148800 1599150600 116 145 68 6155
1599152400 1599154200 89 132 96 6167
1599156000 1599157800 64 106 122 6198
1599159600 1599161400 82 97 119 6208
1599163200 1599165000 87 108 125 6254
1599166800 1599168600 68 164 129 6286
1599170400 1599172200 76 109 101 6234
1599174000 1599175800 78 69 100 6429
1599177600 1599179400 60 76 122 6267
1599181200 1599183000 62 69 90 6405
1599184800 1599186600 39 59 129 6530
1599188400 1599190200 24 21 111 6500
1599192000 1599193800 19 19 104 6683
1599195600 1599197400 13 23 117 6578
1599199200 1599201000 10 19 95 6663
1599202800 1599204600 14 52 30 6460
1599206400 1599208200 11 94 27 6441
1599210000 1599211800 20 105 29 6390
1599213600 1599215400 16 74 38 6313
1599217200 1599219000 22 64 39 6507
1599220800 1599222600 21 110 38 6563
1599224400 1599226200 42 116 42 6529
1599228000 1599229800 54 100 49 6541
1599231600 1599233400 49 93 60 6388
1599235200 1599237000 49 83 64 6379
1599238800 1599240600 54 69 71 6307
1599242400 1599244200 32 69 91 6379
1599246000 1599247800 39 95 99 6344
1599249600 1599251400 41 100 61 6372
1599253200 1599255000 62 119 70 6334
1599256800 1599258600 50 121 83 6184
1599260400 1599262200 45 138 100 6382
1599264000 1599265800 62 104 100 6449
1599267600 1599269400 25 55 144 6516
1599271200 1599273000 12 65 153 6610
1599274800 1599276600 6 23 217 6570
1599278400 1599280200 4 15 143 6628
1599282000 1599283800 3 14 66 6698
1599285600 1599287400 0 14 56 6708
1599289200 1599291000 3 13 47 6729
1599292800 1599294600 5 25 26 6585
1599296400 1599298200 9 29 18 6589
1599300000 1599301800 11 15 29 6599
1599303600 1599305400 18 27 19 6571
1599307200 1599309000 9 35 23 6643
1599310800 1599312600 12 45 31 6638
1599314400 1599316200 13 59 39 6625
1599318000 1599319800 5 46 30 6500
1599321600 1599323400 3 40 29 6542
1599325200 1599327000 8 45 44 6345
1599328800 1599330600 13 40 41 6466
1599332400 1599334200 18 66 77 6408
1599336000 1599337800 36 138 83 6337
1599339600 1599341400 59 242 77 6211
1599343200 1599345000 69 259 86 6212
1599346800 1599348600 75 185 105 6324
1599350400 1599352200 62 113 67 6267
1599354000 1599355800 52 57 49 6528
1599357600 1599359400 26 44 62 6415
1599361200 1599363000 9 23 74 6646
1599364800 1599366600 15 58 61 6666
1599368400 1599370200 28 51 52 6667
1599372000 1599373800 36 62 64 6337
1599375600 1599377400 60 47 36 6415
1599379200 1599381000 70 93 24 6370
1599382800 1599384600 69 89 23 6390
1599386400 1599388200 71 82 21 6376
1599390000 1599391800 59 59 69 6466
1599393600 1599395400 80 31 87 6515
1599397200 1599399000 98 36 63 6498
1599400800 1599402600 92 35 42 6452
1599404400 1599406200 71 26 44 6345
1599408000 1599409800 32 38 28 6384
1599411600 1599413400 6 11 35 6443
1599415200 1599417000 7 22 30 6434
1599418800 1599420600 10 43 32 6451
1599422400 1599424200 12 42 43 6466
1599426000 1599427800 17 71 46 6434
1599429600 1599431400 31 109 55 6440
1599433200 1599435000 47 83 53 6354
1599436800 1599438600 39 117 67 6466
1599440400 1599442200 21 139 108 6381
1599444000 1599445800 12 108 108 6429
1599447600 1599449400 8 64 104 6472
1599451200 1599453000 14 96 83 6482
1599454800 1599456600 13 93 63 6507
1599458400 1599460200 17 82 45 6506
1599462000 1599463800 20 72 22 6422
1599465600 1599467400 23 61 26 6411
1599469200 1599471000 30 76 26 6385
1599472800 1599474600 38 87 25 6364
1599476400 1599478200 41 69 16 6492
1599480000 1599481800 47 54 36 6443
1599483600 1599485400 53 66 36 6535
1599487200 1599489000 71 89 43 6396
1599490800 1599492600 73 91 71 6435
1599494400 1599496200 93 113 84 6321
1599498000 1599499800 114 149 87 6206
1599501600 1599503400 132 151 105 6169
1599505200 1599507000 151 203 104 6148
1599508800 1599510600 201 223 88 6060
1599512400 1599514200 210 267 87 6052
1599516000 1599517800 203 241 85 6064
1599519600 1599521400 170 272 106 6111
1599523200 1599525000 186 240 113 6139
1599526800 1599528600 175 208 138 6155
1599530400 1599532200 173 191 145 6255
1599534000 1599535800 185 190 144 6211
1599537600 1599539400 221 240 109 6142
1599541200 1599543000 221 254 106 6127
1599544800 1599546600 279 215 68 6048
1599548400 1599550200 238 221 54 5964
1599552000 1599553800 228 234 52 5969
1599555600 1599557400 197 295 41 5957
1599559200 1599561000 166 267 57 5952
1599562800 1599564600 172 302 51 6025
1599566400 1599568200 148 290 92 6097
1599570000 1599571800 144 302 86 6088
1599573600 1599575400 138 328 115 6035
1599577200 1599579000 115 338 169 5866
1599580800 1599582600 143 299 187 5978
1599584400 1599586200 109 191 126 5087
1599588000 1599589800 123 232 174 6066
1599591600 1599593400 147 240 236 5967
1599595200 1599597000 211 345 203 5844
1599598800 1599600600 199 387 164 5825
1599602400 1599604200 211 486 201 5744
1599606000 1599607800 220 506 169 5681
1599609600 1599611400 220 422 184 5839
1599613200 1599615000 197 416 168 5868
1599616800 1599618600 183 298 190 6011
1599620400 1599622200 162 313 196 5976
1599624000 1599625800 145 326 192 6001
1599627600 1599629400 161 321 155 6065
1599631200 1599633000 185 297 165 6042
1599634800 1599636600 198 314 178 5888
1599638400 1599640200 231 344 147 5826
1599642000 1599643800 226 434 110 5786
1599645600 1599647400 206 357 128 5883
1599649200 1599651000 194 284 137 5971
1599652800 1599654600 192 281 154 6081
1599656400 1599658200 218 254 162 6070
1599660000 1599661800 208 236 167 5922
1599663600 1599665400 257 266 175 5827
1599667200 1599669000 219 261 228 5792
1599670800 1599672600 227 284 268 5689
1599674400 1599676200 266 277 330 5625
1599678000 1599679800 309 292 323 5568
1599681600 1599683400 341 295 284 5465
1599685200 1599687000 394 325 269 5650
1599688800 1599690600 382 332 250 5714
1599692400 1599694200 333 355 229 5624
1599696000 1599697800 273 277 180 5958
1599699600 1599701400 248 227 182 6036
1599703200 1599705000 226 224 196 6023
1599706800 1599708600 240 222 175 6122
1599710400 1599712200 231 221 196 6133
1599714000 1599715800 254 210 167 6131
1599717600 1599719400 274 239 159 6100
1599721200 1599723000 306 257 139 5961
1599724800 1599726600 288 327 134 5926
1599728400 1599730200 286 372 110 5892
1599732000 1599733800 268 263 152 5988
1599735600 1599737400 267 248 147 6026
1599739200 1599741000 255 212 161 6096
1599742800 1599744600 254 219 148 6086
1599746400 1599748200 232 226 161 5974
1599750000 1599751800 203 205 194 6047
1599753600 1599755400 167 207 225 5903
1599757200 1599759000 135 240 219 6030
1599760800 1599762600 118 184 246 6056
1599764400 1599766200 111 212 203 5969
1599768000 1599769800 125 287 195 5913
1599771600 1599773400 160 303 163 5885
1599775200 1599777000 201 312 127 5919
1599778800 1599780600 171 196 121 6214
1599782400 1599784200 139 197 168 6276
1599786000 1599787800 111 128 222 6296
1599789600 1599791400 64 152 176 6353
1599793200 1599795000 60 135 85 6488
1599796800 1599798600 31 83 91 6510
1599800400 1599802200 23 63 100 6526
1599804000 1599805800 25 59 102 6544
1599807600 1599809400 32 63 81 6443
1599811200 1599813000 29 68 70 6490
1599814800 1599816600 35 75 96 6314
1599818400 1599820200 52 33 102 6433
1599822000 1599823800 57 51 107 6450
1599825600 1599827400 47 47 127 6443
1599829200 1599831000 51 42 136 6408
1599832800 1599834600 54 31 145 6423
1599836400 1599838200 52 39 117 6420
1599840000 1599841800 45 53 118 6378
1599843600 1599845400 54 52 147 6367
1599847200 1599849000 68 101 154 6275
1599850800 1599852600 70 108 176 6246
1599854400 1599856200 87 180 159 6177
1599858000 1599859800 110 260 171 6081
1599861600 1599863400 158 315 169 6027
1599865200 1599867000 169 378 190 5905
1599868800 1599870600 155 317 192 6081
1599872400 1599874200 100 251 216 6219
1599876000 1599877800 90 138 206 6395
1599879600 1599881400 91 137 213 6294
1599883200 1599885000 82 91 192 6445
1599886800 1599888600 89 110 188 6429
1599890400 1599892200 123 110 167 6359
1599894000 1599895800 132 74 143 6458
1599897600 1599899400 123 97 112 6385
1599901200 1599903000 121 81 87 6358
1599904800 1599906600 94 78 92 6486
1599908400 1599910200 91 75 93 6398
1599912000 1599913800 76 68 109 6408
1599915600 1599917400 107 52 129 6409
1599919200 1599921000 117 79 122 6397
1599922800 1599924600 129 130 157 6253
1599926400 1599928200 116 114 170 6267
1599930000 1599931800 143 152 187 6158
1599933600 1599935400 146 209 182 6083
1599937200 1599939000 188 289 174 5975
1599940800 1599942600 217 372 183 5846
1599944400 1599946200 229 451 178 5766
1599948000 1599949800 252 496 143 5777
1599951600 1599953400 196 385 166 5897
1599955200 1599957000 144 354 193 6062
1599958800 1599960600 133 202 197 6242
1599962400 1599964200 115 156 195 6349
1599966000 1599967800 102 176 185 6331
1599969600 1599971400 94 145 161 6393
1599973200 1599975000 77 117 142 6486
1599976800 1599978600 77 148 109 6460
1599980400 1599982200 74 125 98 6519
1599984000 1599985800 76 142 74 6412
1599987600 1599989400 68 144 69 6390
1599991200 1599993000 86 125 70 6421
1599994800 1599996600 97 162 73 6353
1599998400 1600000200 96 157 77 6392
1600002000 1600003800 143 182 89 6313
1600005600 1600007400 165 179 78 6291
1600009200 1600011000 152 152 104 6294
1600012800 1600014600 152 159 126 6261
1600016400 1600018200 147 170 120 6038
1600020000 1600021800 144 157 138 6085
1600023600 1600025400 166 190 162 6107
1600027200 1600029000 164 213 142 6084
1600030800 1600032600 152 240 134 6113
1600034400 1600036200 116 271 121 6161
1600038000 1600039800 64 244 118 6264
1600041600 1600043400 38 187 144 6397
1600045200 1600047000 40 121 128 6514
1600048800 1600050600 20 100 159 6543
1600052400 1600054200 19 99 146 6563
1600056000 1600057800 10 85 111 6618
1600059600 1600061400 1 92 69 6642
1600063200 1600065000 2 66 56 6668
1600066800 1600068600 5 68 40 6697
1600070400 1600072200 6 53 29 6644
1600074000 1600075800 3 57 28 6657
1600077600 1600079400 7 35 23 6665
1600081200 1600083000 4 52 27 6640
1600084800 1600086600 7 45 21 6647
1600088400 1600090200 7 52 33 6638
1600092000 1600093800 5 49 28 6631
1600095600 1600097400 10 50 30 6483
1600099200 1600101000 10 69 76 6506
1600102800 1600104600 16 75 79 6451
1600106400 1600108200 19 86 81 6286
1600110000 1600111800 32 73 118 6385
1600113600 1600115400 30 129 120 6331
1600117200 1600119000 50 193 117 6266
1600120800 1600122600 66 239 100 6269
1600124400 1600126200 52 198 106 6379
1600128000 1600129800 27 169 127 6422
1600131600 1600133400 26 138 142 6474
1600135200 1600137000 20 50 163 6600
1600138800 1600140600 15 30 158 6575
1600142400 1600144200 11 20 110 6654
1600146000 1600147800 9 9 68 6674
1600149600 1600151400 16 19 73 6666
1600153200 1600155000 22 21 77 6648
1600156800 1600158600 21 26 66 6594
1600160400 1600162200 16 50 57 6613
1600164000 1600165800 22 62 63 6575
1600167600 1600169400 25 75 54 6585
1600171200 1600173000 23 88 72 6554
1600174800 1600176600 13 79 82 6413
1600178400 1600180200 16 90 71 6515
1600182000 1600183800 11 65 57 6547
1600185600 1600187400 22 68 55 6505
1600189200 1600191000 28 96 90 6302
1600192800 1600194600 38 79 84 6399
1600196400 1600198200 56 58 79 6406
1600200000 1600201800 58 88 86 6359
1600203600 1600205400 48 111 82 6391
1600207200 1600209000 46 132 95 6397
1600210800 1600212600 55 130 83 6462
1600214400 1600216200 66 94 97 6488
1600218000 1600219800 56 84 132 6491
1600221600 1600223400 70 43 132 6558
1600225200 1600227000 73 47 136 6543
1600228800 1600230600 51 60 108 6488
1600232400 1600234200 34 72 80 6632
1600236000 1600237800 32 76 60 6634
1600239600 1600241400 30 46 51 6715
1600243200 1600245000 40 53 34 6582
1600246800 1600248600 43 53 22 6604
1600250400 1600252200 29 39 28 6624
1600254000 1600255800 35 53 29 6559
1600257600 1600259400 33 55 36 6516
1600261200 1600263000 43 64 35 6612
1600264800 1600266600 56 79 37 6552
1600268400 1600270200 60 76 77 6431
1600272000 1600273800 94 84 85 6368
1600275600 1600277400 134 80 94 6301
1600279200 1600281000 141 91 80 6262
1600282800 1600284600 172 85 100 6221
1600286400 1600288200 224 92 115 6157
1600290000 1600291800 214 138 135 6114
1600293600 1600295400 183 146 161 6166
1600297200 1600299000 183 89 184 6217
1600300800 1600302600 184 86 191 6319
1600304400 1600306200 224 99 179 6285
1600308000 1600309800 237 95 196 6308
1600311600 1600313400 265 82 207 6259
1600315200 1600317000 278 94 142 6295
1600318800 1600320600 275 93 124 6316
1600322400 1600324200 288 116 117 6272
1600326000 1600327800 311 133 106 6277
1600329600 1600331400 337 150 93 6125
1600333200 1600335000 420 130 72 6069
1600336800 1600338600 457 96 34 6097
1600340400 1600342200 384 172 91 6036
1600344000 1600345800 418 104 89 6127
1600347600 1600349400 403 110 115 6110
1600351200 1600353000 353 129 166 6077
1600354800 1600356600 338 131 149 6054
1600358400 1600360200 322 197 153 6003
1600362000 1600363800 303 165 139 6014
1600365600 1600367400 315 141 115 6041
1600369200 1600371000 293 215 91 5930
1600372800 1600374600 271 175 136 6021
1600376400 1600378200 302 203 125 5920
1600380000 1600381800 282 131 126 6160
1600383600 1600385400 236 116 158 6208
1600387200 1600389000 184 88 137 6267
1600390800 1600392600 160 83 149 6301
1600394400 1600396200 156 57 133 6300
1600398000 1600399800 122 66 135 6398
1600401600 1600403400 114 94 101 6488
1600405200 1600407000 80 72 115 6515
1600408800 1600410600 66 51 118 6541
1600412400 1600414200 66 79 109 6573
1600416000 1600417800 67 81 79 6480
1600419600 1600421400 55 79 63 6510
1600423200 1600425000 49 41 57 6562
1600426800 1600428600 23 40 45 6596
1600430400 1600432200 27 30 46 6616
1600434000 1600435800 25 35 56 6598
1600437600 1600439400 27 31 60 6061
1600441200 1600443000 26 70 75 6020
1600444800 1600446600 27 68 89 6473
1600448400 1600450200 21 54 85 6457
1600452000 1600453800 24 45 82 6460
1600455600 1600457400 31 59 78 6464
1600459200 1600461000 35 83 51 6468
1600462800 1600464600 40 76 65 6499
1600466400 1600468200 46 100 102 6481
1600470000 1600471800 52 104 109 6472
1600473600 1600475400 43 100 122 6524
1600477200 1600479000 55 88 115 6516
1600480800 1600482600 46 57 142 6583
1600484400 1600486200 42 54 112 6598
1600488000 1600489800 36 59 79 6639
1600491600 1600493400 25 58 70 6640
1600495200 1600497000 27 67 73 6517
1600498800 1600500600 46 71 80 6628
1600502400 1600504200 64 84 54 6505
1600506000 1600507800 64 85 66 6497
1600509600 1600511400 60 74 72 6503
1600513200 1600515000 57 105 65 6469
1600516800 1600518600 58 86 71 6513
1600520400 1600522200 64 69 60 6556
1600524000 1600525800 57 65 64 6542
1600527600 1600529400 83 95 90 6411
1600531200 1600533000 88 105 77 6432
1600534800 1600536600 81 93 65 6438
1600538400 1600540200 62 77 85 6457
1600542000 1600543800 45 81 103 6452
1600545600 1600547400 45 97 99 6433
1600549200 1600551000 57 104 94 6395
1600552800 1600554600 57 78 82 6477
1600556400 1600558200 58 79 71 6532
1600560000 1600561800 63 91 79 6509
1600563600 1600565400 71 92 93 6524
1600567200 1600569000 62 64 96 6590
1600570800 1600572600 37 55 103 6633
1600574400 1600576200 23 47 96 6650
1600578000 1600579800 11 48 84 6696
1600581600 1600583400 8 53 95 6583
1600585200 1600587000 9 55 63 6593
1600588800 1600590600 23 70 50 6529
1600592400 1600594200 20 62 38 6575
1600596000 1600597800 14 48 23 6531
1600599600 1600601400 17 60 20 6643
1600603200 1600605000 8 52 31 6637
1600606800 1600608600 8 22 36 6678
1600610400 1600612200 15 26 39 6621
1600614000 1600615800 18 29 54 6626
1600617600 1600619400 25 29 91 6564
1600621200 1600623000 39 31 87 6520
1600624800 1600626600 95 54 100 6477
1600628400 1600630200 99 82 117 6473
1600632000 1600633800 103 88 114 6440
1600635600 1600637400 53 80 90 6405
1600639200 1600641000 28 60 58 6547
1600642800 1600644600 24 56 61 6454
1600646400 1600648200 18 34 52 6650
1600650000 1600651800 16 26 89 6616
1600653600 1600655400 15 31 125 6659
1600657200 1600659000 11 25 139 6636
1600660800 1600662600 9 30 81 6714
1600664400 1600666200 7 21 72 6708
1600668000 1600669800 49 40 52 6719
1600671600 1600673400 65 48 51 6634
1600675200 1600677000 54 66 32 6649
1600678800 1600680600 22 41 29 6682
1600682400 1600684200 14 33 40 6655
1600686000 1600687800 18 38 47 6691
1600689600 1600691400 23 40 53 6546
1600693200 1600695000 21 41 64 6633
1600696800 1600698600 23 59 82 6456
1600700400 1600702200 32 56 109 6532
1600704000 1600705800 36 47 117 6464
1600707600 1600709400 30 46 134 6383
1600711200 1600713000 61 55 126 6425
1600714800 1600716600 107 56 108 6415
1600718400 1600720200 126 66 121 6401
1600722000 1600723800 161 82 146 6377
1600725600 1600727400 187 104 102 6345
1600729200 1600731000 166 99 111 6324
1600732800 1600734600 164 90 106 6456
1600736400 1600738200 153 67 126 6468
1600740000 1600741800 165 64 142 6398
1600743600 1600745400 162 51 124 6428
1600747200 1600749000 116 60 143 6569
1600750800 1600752600 116 65 117 6445
1600754400 1600756200 188 75 77 6530
1600758000 1600759800 197 72 98 6534
1600761600 1600763400 174 79 126 6378
1600765200 1600767000 202 95 145 6343
1600768800 1600770600 229 67 151 6317
1600772400 1600774200 292 65 100 6354
1600776000 1600777800 295 91 81 6339
1600779600 1600781400 323 111 97 6248
1600783200 1600785000 307 99 107 6135
1600786800 1600788600 281 82 103 6282
1600790400 1600792200 291 99 137 6205
1600794000 1600795800 271 92 117 6261
1600797600 1600799400 233 92 142 6234
1600801200 1600803000 208 142 130 6257
1600804800 1600806600 197 188 136 6256
1600808400 1600810200 155 129 142 6322
1600812000 1600813800 170 229 102 6112
1600815600 1600817400 171 168 103 6255
1600819200 1600821000 148 114 100 6426
1600822800 1600824600 118 65 88 6503
1600826400 1600828200 142 93 102 6525
1600830000 1600831800 143 71 120 6547
1600833600 1600835400 135 54 136 6615
1600837200 1600839000 169 59 93 6606
1600840800 1600842600 180 54 60 6589
1600844400 1600846200 166 70 61 6594
1600848000 1600849800 154 80 54 6546
1600851600 1600853400 137 79 55 6453
1600855200 1600857000 127 56 107 6514
1600858800 1600860600 153 80 86 6452
1600862400 1600864200 169 98 74 6495
1600866000 1600867800 194 88 86 6414
1600869600 1600871400 212 94 74 6356
1600873200 1600875000 200 94 75 6267
1600876800 1600878600 191 97 106 6317
1600880400 1600882200 196 97 71 6194
1600884000 1600885800 193 103 88 6265
1600887600 1600889400 212 101 119 6217
1600891200 1600893000 242 119 106 6217
1600894800 1600896600 233 138 117 6218
1600898400 1600900200 259 155 124 6203
1600902000 1600903800 281 154 91 6181
1600905600 1600907400 297 141 124 6218
1600909200 1600911000 302 137 156 6189
1600912800 1600914600 319 132 135 6250
1600916400 1600918200 336 105 196 6094
1600920000 1600921800 367 110 144 6220
1600923600 1600925400 327 130 156 6067
1600927200 1600929000 288 189 148 6153
1600930800 1600932600 271 174 168 6201
1600934400 1600936200 280 156 126 6036
1600938000 1600939800 294 149 141 6079
1600941600 1600943400 299 150 154 5847
1600945200 1600947000 227 149 146 5306
1600948800 1600950600 222 185 161 5611
1600952400 1600954200 190 164 150 5332
1600956000 1600957800 202 149 167 5632
1600959600 1600961400 214 194 210 5907
1600963200 1600965000 285 133 195 5905
1600966800 1600968600 343 150 161 5889
1600970400 1600972200 312 123 180 5874
1600974000 1600975800 267 110 171 6031
1600977600 1600979400 238 120 194 6074
1600981200 1600983000 214 149 204 6003
1600984800 1600986600 247 136 236 5970
1600988400 1600990200 325 135 158 5989
1600992000 1600993800 258 106 237 5999
1600995600 1600997400 191 84 281 6073
1600999200 1601001000 186 71 243 6223
1601002800 1601004600 217 85 195 6198
1601006400 1601008200 223 104 188 6196
1601010000 1601011800 229 101 144 6189
1601013600 1601015400 242 99 141 6165
1601017200 1601019000 231 115 119 6212
1601020800 1601022600 216 136 136 6073
1601024400 1601026200 202 125 144 6128
1601028000 1601029800 240 114 109 6124
1601031600 1601033400 215 108 131 6123
1601035200 1601037000 218 85 141 6186
1601038800 1601040600 203 77 178 6211
1601042400 1601044200 242 88 180 6142
1601046000 1601047800 264 105 162 6001
1601049600 1601051400 256 125 156 6055
1601053200 1601055000 243 119 146 5998
1601056800 1601058600 226 110 158 6147
1601060400 1601062200 184 147 155 6149
1601064000 1601065800 192 182 141 6171
1601067600 1601069400 177 230 134 6168
1601071200 1601073000 132 130 175 6282
1601074800 1601076600 137 104 127 6360
1601078400 1601080200 118 96 127 6355
1601082000 1601083800 119 100 153 6329
1601085600 1601087400 101 98 182 6375
1601089200 1601091000 140 113 172 6372
1601092800 1601094600 133 123 196 6326
1601096400 1601098200 127 122 196 6334
1601100000 1601101800 113 88 143 6050
1601103600 1601105400 95 81 141 6258
1601107200 1601109000 93 67 119 6277
1601110800 1601112600 78 61 105 6336
1601114400 1601116200 62 52 88 6392
1601118000 1601119800 33 43 112 6456
1601121600 1601123400 29 56 116 6514
1601125200 1601127000 34 41 115 6431
1601128800 1601130600 41 40 105 6528
1601132400 1601134200 31 53 82 6406
1601136000 1601137800 19 60 74 6451
1601139600 1601141400 17 41 64 6510
1601143200 1601145000 12 31 82 6490
1601146800 1601148600 18 40 109 6510
1601150400 1601152200 26 40 104 6507
1601154000 1601155800 26 47 60 6358
1601157600 1601159400 28 50 73 6213
1601161200 1601163000 40 79 65 6113
1601164800 1601166600 50 51 62 6202
1601168400 1601170200 53 50 76 6388
1601172000 1601173800 58 35 99 6375
1601175600 1601177400 36 30 104 6596
1601179200 1601181000 13 47 90 6633
1601182800 1601184600 23 30 69 6627
1601186400 1601188200 11 38 78 6614
1601190000 1601191800 18 23 59 6646
1601193600 1601195400 12 27 45 6542
1601197200 1601199000 17 36 35 6565
1601200800 1601202600 10 30 36 6569
1601204400 1601206200 8 30 40 6551
1601208000 1601209800 10 35 33 6594
1601211600 1601213400 7 28 50 6631
1601215200 1601217000 7 23 67 6592
1601218800 1601220600 20 57 97 6368
1601222400 1601224200 51 74 99 6445
1601226000 1601227800 74 67 89 6341
1601229600 1601231400 100 73 94 6373
1601233200 1601235000 98 89 132 6305
1601236800 1601238600 130 168 101 6235
1601240400 1601242200 146 244 117 6135
1601244000 1601245800 157 255 142 6002
1601247600 1601249400 164 253 152 6101
1601251200 1601253000 181 179 159 6150
1601254800 1601256600 180 176 175 6143
1601258400 1601260200 186 144 185 6204
1601262000 1601263800 201 143 168 6181
1601265600 1601267400 246 154 141 6156
1601269200 1601271000 244 142 134 6080
1601272800 1601274600 110 77 80 4102
1601276400 1601278200 147 188 85 4642
1601280000 1601281800 124 292 77 5295
1601283600 1601285400 151 206 72 4617
1601287200 1601289000 194 216 97 6126
1601290800 1601292600 160 152 122 6215
1601294400 1601296200 164 120 122 6282
1601298000 1601299800 156 117 118 6313
1601301600 1601303400 156 137 103 6296
1601305200 1601307000 123 124 133 6290
1601308800 1601310600 94 127 105 6349
1601312400 1601314200 96 131 144 6276
1601316000 1601317800 122 135 148 6194
1601319600 1601321400 134 143 183 6141
1601323200 1601325000 145 132 226 6088
1601326800 1601328600 157 130 166 6139
1601330400 1601332200 189 121 131 6176
1601334000 1601335800 183 132 126 6203
1601337600 1601339400 197 97 127 6231
1601341200 1601343000 198 81 124 6262
1601344800 1601346600 199 63 146 6329
1601348400 1601350200 219 52 161 6308
1601355600 1601357400 138 69 113 6386
1601359200 1601361000 94 81 109 6441
