;stat_type from input is CSI
;sd limit from input is 0.000000
CSI 1 1598747400 0.205224 0.000000 -0.205224 32767.000000 1598745600 1598749200
CSI 1 1598751000 0.224033 0.000000 -0.224033 32767.000000 1598745600 1598752800
CSI 1 1598754600 0.202756 0.000000 -0.202756 32767.000000 1598745600 1598756400
CSI 1 1598758200 0.194118 0.000000 -0.194118 32767.000000 1598745600 1598760000
CSI 1 1598761800 0.237209 0.000000 -0.237209 32767.000000 1598745600 1598763600
CSI 1 1598765400 0.297821 0.000000 -0.297821 32767.000000 1598745600 1598767200
CSI 1 1598769000 0.249493 0.000000 -0.249493 32767.000000 1598745600 1598770800
CSI 1 1598772600 0.349614 0.000000 -0.349614 32767.000000 1598745600 1598774400
CSI 1 1598776200 0.337912 0.000000 -0.337912 32767.000000 1598745600 1598778000
CSI 1 1598779800 0.375321 0.000000 -0.375321 32767.000000 1598745600 1598781600
CSI 1 1598783400 0.353383 0.000000 -0.353383 32767.000000 1598745600 1598785200
CSI 1 1598787000 0.372973 0.000000 -0.372973 32767.000000 1598745600 1598788800
CSI 1 1598790600 0.370667 0.000000 -0.370667 32767.000000 1598745600 1598792400
CSI 1 1598794200 0.315545 0.000000 -0.315545 32767.000000 1598745600 1598796000
CSI 1 1598797800 0.304094 0.000000 -0.304094 32767.000000 1598745600 1598799600
CSI 1 1598801400 0.195335 0.000000 -0.195335 32767.000000 1598745600 1598803200
CSI 1 1598805000 0.179688 0.000000 -0.179688 32767.000000 1598745600 1598806800
CSI 1 1598808600 0.131818 0.000000 -0.131818 32767.000000 1598745600 1598810400
CSI 1 1598812200 0.163569 0.000000 -0.163569 32767.000000 1598745600 1598814000
CSI 1 1598815800 0.212575 0.000000 -0.212575 32767.000000 1598745600 1598817600
CSI 1 1598819400 0.180180 0.000000 -0.180180 32767.000000 1598745600 1598821200
CSI 1 1598823000 0.243408 0.000000 -0.243408 32767.000000 1598745600 1598824800
CSI 1 1598826600 0.216912 0.000000 -0.216912 32767.000000 1598745600 1598828400
CSI 1 1598830200 0.254733 0.000000 -0.254733 32767.000000 1598745600 1598832000
CSI 1 1598833800 0.314530 0.000000 -0.314530 32767.000000 1598745600 1598835600
CSI 1 1598837400 0.365591 0.000000 -0.365591 32767.000000 1598745600 1598839200
CSI 1 1598841000 0.380256 0.000000 -0.380256 32767.000000 1598745600 1598842800
CSI 1 1598844600 0.386492 0.000000 -0.386492 32767.000000 1598745600 1598846400
CSI 1 1598848200 0.310195 0.000000 -0.310195 32767.000000 1598745600 1598850000
CSI 1 1598851800 0.352185 0.000000 -0.352185 32767.000000 1598745600 1598853600
CSI 1 1598855400 0.382653 0.000000 -0.382653 32767.000000 1598745600 1598857200
CSI 1 1598859000 0.450382 0.000000 -0.450382 32767.000000 1598745600 1598860800
CSI 1 1598862600 0.443418 0.000000 -0.443418 32767.000000 1598745600 1598864400
CSI 1 1598866200 0.409091 0.000000 -0.409091 32767.000000 1598745600 1598868000
CSI 1 1598869800 0.481061 0.000000 -0.481061 32767.000000 1598745600 1598871600
CSI 1 1598873400 0.414956 0.000000 -0.414956 32767.000000 1598745600 1598875200
CSI 1 1598877000 0.448430 0.000000 -0.448430 32767.000000 1598745600 1598878800
CSI 1 1598880600 0.434140 0.000000 -0.434140 32767.000000 1598745600 1598882400
CSI 1 1598884200 0.413972 0.000000 -0.413972 32767.000000 1598745600 1598886000
CSI 1 1598887800 0.361647 0.000000 -0.361647 32767.000000 1598745600 1598889600
CSI 1 1598891400 0.351648 0.000000 -0.351648 32767.000000 1598745600 1598893200
CSI 1 1598895000 0.315126 0.000000 -0.315126 32767.000000 1598745600 1598896800
CSI 1 1598898600 0.284367 0.000000 -0.284367 32767.000000 1598745600 1598900400
CSI 1 1598902200 0.309438 0.000000 -0.309438 32767.000000 1598745600 1598904000
CSI 1 1598905800 0.307985 0.000000 -0.307985 32767.000000 1598745600 1598907600
CSI 1 1598909400 0.257985 0.000000 -0.257985 32767.000000 1598745600 1598911200
CSI 1 1598913000 0.235677 0.000000 -0.235677 32767.000000 1598745600 1598914800
CSI 1 1598916600 0.268376 0.000000 -0.268376 32767.000000 1598745600 1598918400
CSI 1 1598920200 0.254079 0.000000 -0.254079 32767.000000 1598745600 1598922000
CSI 1 1598923800 0.264151 0.000000 -0.264151 32767.000000 1598745600 1598925600
CSI 1 1598927400 0.211196 0.000000 -0.211196 32767.000000 1598745600 1598929200
CSI 1 1598931000 0.123028 0.000000 -0.123028 32767.000000 1598745600 1598932800
CSI 1 1598934600 0.156442 0.000000 -0.156442 32767.000000 1598745600 1598936400
CSI 1 1598938200 0.202100 0.000000 -0.202100 32767.000000 1598745600 1598940000
CSI 1 1598941800 0.158249 0.000000 -0.158249 32767.000000 1598745600 1598943600
CSI 1 1598945400 0.208202 0.000000 -0.208202 32767.000000 1598745600 1598947200
CSI 1 1598949000 0.273902 0.000000 -0.273902 32767.000000 1598745600 1598950800
CSI 1 1598952600 0.309417 0.000000 -0.309417 32767.000000 1598745600 1598954400
CSI 1 1598956200 0.340564 0.000000 -0.340564 32767.000000 1598745600 1598958000
CSI 1 1598959800 0.373626 0.000000 -0.373626 32767.000000 1598745600 1598961600
CSI 1 1598963400 0.347932 0.000000 -0.347932 32767.000000 1598745600 1598965200
CSI 1 1598967000 0.316699 0.000000 -0.316699 32767.000000 1598745600 1598968800
CSI 1 1598970600 0.375472 0.000000 -0.375472 32767.000000 1598745600 1598972400
CSI 1 1598974200 0.394690 0.000000 -0.394690 32767.000000 1598745600 1598976000
CSI 1 1598977800 0.340426 0.000000 -0.340426 32767.000000 1598745600 1598979600
CSI 1 1598981400 0.350604 0.000000 -0.350604 32767.000000 1598745600 1598983200
CSI 1 1598985000 0.337520 0.000000 -0.337520 32767.000000 1598745600 1598986800
CSI 1 1598988600 0.349112 0.000000 -0.349112 32767.000000 1598745600 1598990400
CSI 1 1598992200 0.354505 0.000000 -0.354505 32767.000000 1598745600 1598994000
CSI 1 1598995800 0.280313 0.000000 -0.280313 32767.000000 1598745600 1598997600
CSI 1 1598999400 0.210728 0.000000 -0.210728 32767.000000 1598745600 1599001200
CSI 1 1599003000 0.264559 0.000000 -0.264559 32767.000000 1598745600 1599004800
CSI 1 1599006600 0.258964 0.000000 -0.258964 32767.000000 1598745600 1599008400
CSI 1 1599010200 0.274953 0.000000 -0.274953 32767.000000 1598745600 1599012000
CSI 1 1599013800 0.300000 0.000000 -0.300000 32767.000000 1598745600 1599015600
CSI 1 1599017400 0.259470 0.000000 -0.259470 32767.000000 1598745600 1599019200
CSI 1 1599021000 0.314655 0.000000 -0.314655 32767.000000 1598745600 1599022800
CSI 1 1599024600 0.228175 0.000000 -0.228175 32767.000000 1598745600 1599026400
CSI 1 1599028200 0.202381 0.000000 -0.202381 32767.000000 1598745600 1599030000
CSI 1 1599031800 0.324324 0.000000 -0.324324 32767.000000 1598745600 1599033600
CSI 1 1599035400 0.294118 0.000000 -0.294118 32767.000000 1598745600 1599037200
CSI 1 1599039000 0.286573 0.000000 -0.286573 32767.000000 1598745600 1599040800
CSI 1 1599042600 0.310811 0.000000 -0.310811 32767.000000 1598745600 1599044400
CSI 1 1599046200 0.396985 0.000000 -0.396985 32767.000000 1598745600 1599048000
CSI 1 1599049800 0.348024 0.000000 -0.348024 32767.000000 1598745600 1599051600
CSI 1 1599053400 0.338686 0.000000 -0.338686 32767.000000 1598745600 1599055200
CSI 1 1599057000 0.404153 0.000000 -0.404153 32767.000000 1598745600 1599058800
CSI 1 1599060600 0.353407 0.000000 -0.353407 32767.000000 1598745600 1599062400
CSI 1 1599064200 0.312384 0.000000 -0.312384 32767.000000 1598745600 1599066000
CSI 1 1599067800 0.293006 0.000000 -0.293006 32767.000000 1598745600 1599069600
CSI 1 1599071400 0.257874 0.000000 -0.257874 32767.000000 1598745600 1599073200
CSI 1 1599075000 0.219424 0.000000 -0.219424 32767.000000 1598745600 1599076800
CSI 1 1599078600 0.222749 0.000000 -0.222749 32767.000000 1598745600 1599080400
CSI 1 1599082200 0.246400 0.000000 -0.246400 32767.000000 1598745600 1599084000
CSI 1 1599085800 0.190654 0.000000 -0.190654 32767.000000 1598745600 1599087600
CSI 1 1599089400 0.220339 0.000000 -0.220339 32767.000000 1598745600 1599091200
CSI 1 1599093000 0.219858 0.000000 -0.219858 32767.000000 1598745600 1599094800
CSI 1 1599096600 0.241525 0.000000 -0.241525 32767.000000 1598745600 1599098400
CSI 1 1599100200 0.246835 0.000000 -0.246835 32767.000000 1598745600 1599102000
CSI 1 1599103800 0.210425 0.000000 -0.210425 32767.000000 1598745600 1599105600
CSI 1 1599107400 0.271111 0.000000 -0.271111 32767.000000 1598745600 1599109200
CSI 1 1599111000 0.289100 0.000000 -0.289100 32767.000000 1598745600 1599112800
CSI 1 1599114600 0.325000 0.000000 -0.325000 32767.000000 1598745600 1599116400
CSI 1 1599118200 0.225641 0.000000 -0.225641 32767.000000 1598745600 1599120000
CSI 1 1599121800 0.243323 0.000000 -0.243323 32767.000000 1598745600 1599123600
CSI 1 1599125400 0.269795 0.000000 -0.269795 32767.000000 1598745600 1599127200
CSI 1 1599129000 0.264305 0.000000 -0.264305 32767.000000 1598745600 1599130800
CSI 1 1599132600 0.336232 0.000000 -0.336232 32767.000000 1598745600 1599134400
CSI 1 1599136200 0.327273 0.000000 -0.327273 32767.000000 1598745600 1599138000
CSI 1 1599139800 0.327913 0.000000 -0.327913 32767.000000 1598745600 1599141600
CSI 1 1599143400 0.336870 0.000000 -0.336870 32767.000000 1598745600 1599145200
CSI 1 1599147000 0.326027 0.000000 -0.326027 32767.000000 1598745600 1599148800
CSI 1 1599150600 0.352584 0.000000 -0.352584 32767.000000 1598745600 1599152400
CSI 1 1599154200 0.280757 0.000000 -0.280757 32767.000000 1598745600 1599156000
CSI 1 1599157800 0.219178 0.000000 -0.219178 32767.000000 1598745600 1599159600
CSI 1 1599161400 0.275168 0.000000 -0.275168 32767.000000 1598745600 1599163200
CSI 1 1599165000 0.271875 0.000000 -0.271875 32767.000000 1598745600 1599166800
CSI 1 1599168600 0.188366 0.000000 -0.188366 32767.000000 1598745600 1599170400
CSI 1 1599172200 0.265734 0.000000 -0.265734 32767.000000 1598745600 1599174000
CSI 1 1599175800 0.315789 0.000000 -0.315789 32767.000000 1598745600 1599177600
CSI 1 1599179400 0.232558 0.000000 -0.232558 32767.000000 1598745600 1599181200
CSI 1 1599183000 0.280543 0.000000 -0.280543 32767.000000 1598745600 1599184800
CSI 1 1599186600 0.171806 0.000000 -0.171806 32767.000000 1598745600 1599188400
CSI 1 1599190200 0.153846 0.000000 -0.153846 32767.000000 1598745600 1599192000
CSI 1 1599193800 0.133803 0.000000 -0.133803 32767.000000 1598745600 1599195600
CSI 1 1599197400 0.084967 0.000000 -0.084967 32767.000000 1598745600 1599199200
CSI 1 1599201000 0.080645 0.000000 -0.080645 32767.000000 1598745600 1599202800
CSI 1 1599204600 0.145833 0.000000 -0.145833 32767.000000 1598745600 1599206400
CSI 1 1599208200 0.083333 0.000000 -0.083333 32767.000000 1598745600 1599210000
CSI 1 1599211800 0.129870 0.000000 -0.129870 32767.000000 1598745600 1599213600
CSI 1 1599215400 0.125000 0.000000 -0.125000 32767.000000 1598745600 1599217200
CSI 1 1599219000 0.176000 0.000000 -0.176000 32767.000000 1598745600 1599220800
CSI 1 1599222600 0.124260 0.000000 -0.124260 32767.000000 1598745600 1599224400
CSI 1 1599226200 0.210000 0.000000 -0.210000 32767.000000 1598745600 1599228000
CSI 1 1599229800 0.266010 0.000000 -0.266010 32767.000000 1598745600 1599231600
CSI 1 1599233400 0.242574 0.000000 -0.242574 32767.000000 1598745600 1599235200
CSI 1 1599237000 0.250000 0.000000 -0.250000 32767.000000 1598745600 1599238800
CSI 1 1599240600 0.278351 0.000000 -0.278351 32767.000000 1598745600 1599242400
CSI 1 1599244200 0.166667 0.000000 -0.166667 32767.000000 1598745600 1599246000
CSI 1 1599247800 0.167382 0.000000 -0.167382 32767.000000 1598745600 1599249600
CSI 1 1599251400 0.202970 0.000000 -0.202970 32767.000000 1598745600 1599253200
CSI 1 1599255000 0.247012 0.000000 -0.247012 32767.000000 1598745600 1599256800
CSI 1 1599258600 0.196850 0.000000 -0.196850 32767.000000 1598745600 1599260400
CSI 1 1599262200 0.159011 0.000000 -0.159011 32767.000000 1598745600 1599264000
CSI 1 1599265800 0.233083 0.000000 -0.233083 32767.000000 1598745600 1599267600
CSI 1 1599269400 0.111607 0.000000 -0.111607 32767.000000 1598745600 1599271200
CSI 1 1599273000 0.052174 0.000000 -0.052174 32767.000000 1598745600 1599274800
CSI 1 1599276600 0.024390 0.000000 -0.024390 32767.000000 1598745600 1599278400
CSI 1 1599280200 0.024691 0.000000 -0.024691 32767.000000 1598745600 1599282000
CSI 1 1599283800 0.036145 0.000000 -0.036145 32767.000000 1598745600 1599285600
CSI 1 1599287400 0.000000 0.000000 0.000000 32767.000000 1598745600 1599289200
CSI 1 1599291000 0.047619 0.000000 -0.047619 32767.000000 1598745600 1599292800
CSI 1 1599294600 0.089286 0.000000 -0.089286 32767.000000 1598745600 1599296400
CSI 1 1599298200 0.160714 0.000000 -0.160714 32767.000000 1598745600 1599300000
CSI 1 1599301800 0.200000 0.000000 -0.200000 32767.000000 1598745600 1599303600
CSI 1 1599305400 0.281250 0.000000 -0.281250 32767.000000 1598745600 1599307200
CSI 1 1599309000 0.134328 0.000000 -0.134328 32767.000000 1598745600 1599310800
CSI 1 1599312600 0.136364 0.000000 -0.136364 32767.000000 1598745600 1599314400
CSI 1 1599316200 0.117117 0.000000 -0.117117 32767.000000 1598745600 1599318000
CSI 1 1599319800 0.061728 0.000000 -0.061728 32767.000000 1598745600 1599321600
CSI 1 1599323400 0.041667 0.000000 -0.041667 32767.000000 1598745600 1599325200
CSI 1 1599327000 0.082474 0.000000 -0.082474 32767.000000 1598745600 1599328800
CSI 1 1599330600 0.138298 0.000000 -0.138298 32767.000000 1598745600 1599332400
CSI 1 1599334200 0.111801 0.000000 -0.111801 32767.000000 1598745600 1599336000
CSI 1 1599337800 0.140078 0.000000 -0.140078 32767.000000 1598745600 1599339600
CSI 1 1599341400 0.156085 0.000000 -0.156085 32767.000000 1598745600 1599343200
CSI 1 1599345000 0.166667 0.000000 -0.166667 32767.000000 1598745600 1599346800
CSI 1 1599348600 0.205479 0.000000 -0.205479 32767.000000 1598745600 1599350400
CSI 1 1599352200 0.256198 0.000000 -0.256198 32767.000000 1598745600 1599354000
CSI 1 1599355800 0.329114 0.000000 -0.329114 32767.000000 1598745600 1599357600
CSI 1 1599359400 0.196970 0.000000 -0.196970 32767.000000 1598745600 1599361200
CSI 1 1599363000 0.084906 0.000000 -0.084906 32767.000000 1598745600 1599364800
CSI 1 1599366600 0.111940 0.000000 -0.111940 32767.000000 1598745600 1599368400
CSI 1 1599370200 0.213740 0.000000 -0.213740 32767.000000 1598745600 1599372000
CSI 1 1599373800 0.222222 0.000000 -0.222222 32767.000000 1598745600 1599375600
CSI 1 1599377400 0.419580 0.000000 -0.419580 32767.000000 1598745600 1599379200
CSI 1 1599381000 0.374332 0.000000 -0.374332 32767.000000 1598745600 1599382800
CSI 1 1599384600 0.381215 0.000000 -0.381215 32767.000000 1598745600 1599386400
CSI 1 1599388200 0.408046 0.000000 -0.408046 32767.000000 1598745600 1599390000
CSI 1 1599391800 0.315508 0.000000 -0.315508 32767.000000 1598745600 1599393600
CSI 1 1599395400 0.404040 0.000000 -0.404040 32767.000000 1598745600 1599397200
CSI 1 1599399000 0.497462 0.000000 -0.497462 32767.000000 1598745600 1599400800
CSI 1 1599402600 0.544379 0.000000 -0.544379 32767.000000 1598745600 1599404400
CSI 1 1599406200 0.503546 0.000000 -0.503546 32767.000000 1598745600 1599408000
CSI 1 1599409800 0.326531 0.000000 -0.326531 32767.000000 1598745600 1599411600
CSI 1 1599413400 0.115385 0.000000 -0.115385 32767.000000 1598745600 1599415200
CSI 1 1599417000 0.118644 0.000000 -0.118644 32767.000000 1598745600 1599418800
CSI 1 1599420600 0.117647 0.000000 -0.117647 32767.000000 1598745600 1599422400
CSI 1 1599424200 0.123711 0.000000 -0.123711 32767.000000 1598745600 1599426000
CSI 1 1599427800 0.126866 0.000000 -0.126866 32767.000000 1598745600 1599429600
CSI 1 1599431400 0.158974 0.000000 -0.158974 32767.000000 1598745600 1599433200
CSI 1 1599435000 0.256831 0.000000 -0.256831 32767.000000 1598745600 1599436800
CSI 1 1599438600 0.174888 0.000000 -0.174888 32767.000000 1598745600 1599440400
CSI 1 1599442200 0.078358 0.000000 -0.078358 32767.000000 1598745600 1599444000
CSI 1 1599445800 0.052632 0.000000 -0.052632 32767.000000 1598745600 1599447600
CSI 1 1599449400 0.045455 0.000000 -0.045455 32767.000000 1598745600 1599451200
CSI 1 1599453000 0.072539 0.000000 -0.072539 32767.000000 1598745600 1599454800
CSI 1 1599456600 0.076923 0.000000 -0.076923 32767.000000 1598745600 1599458400
CSI 1 1599460200 0.118056 0.000000 -0.118056 32767.000000 1598745600 1599462000
CSI 1 1599463800 0.175439 0.000000 -0.175439 32767.000000 1598745600 1599465600
CSI 1 1599467400 0.209091 0.000000 -0.209091 32767.000000 1598745600 1599469200
CSI 1 1599471000 0.227273 0.000000 -0.227273 32767.000000 1598745600 1599472800
CSI 1 1599474600 0.253333 0.000000 -0.253333 32767.000000 1598745600 1599476400
CSI 1 1599478200 0.325397 0.000000 -0.325397 32767.000000 1598745600 1599480000
CSI 1 1599481800 0.343066 0.000000 -0.343066 32767.000000 1598745600 1599483600
CSI 1 1599485400 0.341935 0.000000 -0.341935 32767.000000 1598745600 1599487200
CSI 1 1599489000 0.349754 0.000000 -0.349754 32767.000000 1598745600 1599490800
CSI 1 1599492600 0.310638 0.000000 -0.310638 32767.000000 1598745600 1599494400
CSI 1 1599496200 0.320690 0.000000 -0.320690 32767.000000 1598745600 1599498000
CSI 1 1599499800 0.325714 0.000000 -0.325714 32767.000000 1598745600 1599501600
CSI 1 1599503400 0.340206 0.000000 -0.340206 32767.000000 1598745600 1599505200
CSI 1 1599507000 0.329694 0.000000 -0.329694 32767.000000 1598745600 1599508800
CSI 1 1599510600 0.392578 0.000000 -0.392578 32767.000000 1598745600 1599512400
CSI 1 1599514200 0.372340 0.000000 -0.372340 32767.000000 1598745600 1599516000
CSI 1 1599517800 0.383743 0.000000 -0.383743 32767.000000 1598745600 1599519600
CSI 1 1599521400 0.310219 0.000000 -0.310219 32767.000000 1598745600 1599523200
CSI 1 1599525000 0.345083 0.000000 -0.345083 32767.000000 1598745600 1599526800
CSI 1 1599528600 0.335893 0.000000 -0.335893 32767.000000 1598745600 1599530400
CSI 1 1599532200 0.339882 0.000000 -0.339882 32767.000000 1598745600 1599534000
CSI 1 1599535800 0.356455 0.000000 -0.356455 32767.000000 1598745600 1599537600
CSI 1 1599539400 0.387719 0.000000 -0.387719 32767.000000 1598745600 1599541200
CSI 1 1599543000 0.380379 0.000000 -0.380379 32767.000000 1598745600 1599544800
CSI 1 1599546600 0.496441 0.000000 -0.496441 32767.000000 1598745600 1599548400
CSI 1 1599550200 0.463938 0.000000 -0.463938 32767.000000 1598745600 1599552000
CSI 1 1599553800 0.443580 0.000000 -0.443580 32767.000000 1598745600 1599555600
CSI 1 1599557400 0.369606 0.000000 -0.369606 32767.000000 1598745600 1599559200
CSI 1 1599561000 0.338776 0.000000 -0.338776 32767.000000 1598745600 1599562800
CSI 1 1599564600 0.327619 0.000000 -0.327619 32767.000000 1598745600 1599566400
CSI 1 1599568200 0.279245 0.000000 -0.279245 32767.000000 1598745600 1599570000
CSI 1 1599571800 0.270677 0.000000 -0.270677 32767.000000 1598745600 1599573600
CSI 1 1599575400 0.237522 0.000000 -0.237522 32767.000000 1598745600 1599577200
CSI 1 1599579000 0.184887 0.000000 -0.184887 32767.000000 1598745600 1599580800
CSI 1 1599582600 0.227345 0.000000 -0.227345 32767.000000 1598745600 1599584400
CSI 1 1599586200 0.255869 0.000000 -0.255869 32767.000000 1598745600 1599588000
CSI 1 1599589800 0.232514 0.000000 -0.232514 32767.000000 1598745600 1599591600
CSI 1 1599593400 0.235955 0.000000 -0.235955 32767.000000 1598745600 1599595200
CSI 1 1599597000 0.277997 0.000000 -0.277997 32767.000000 1598745600 1599598800
CSI 1 1599600600 0.265333 0.000000 -0.265333 32767.000000 1598745600 1599602400
CSI 1 1599604200 0.234967 0.000000 -0.234967 32767.000000 1598745600 1599606000
CSI 1 1599607800 0.245810 0.000000 -0.245810 32767.000000 1598745600 1599609600
CSI 1 1599611400 0.266344 0.000000 -0.266344 32767.000000 1598745600 1599613200
CSI 1 1599615000 0.252241 0.000000 -0.252241 32767.000000 1598745600 1599616800
CSI 1 1599618600 0.272727 0.000000 -0.272727 32767.000000 1598745600 1599620400
CSI 1 1599622200 0.241431 0.000000 -0.241431 32767.000000 1598745600 1599624000
CSI 1 1599625800 0.218703 0.000000 -0.218703 32767.000000 1598745600 1599627600
CSI 1 1599629400 0.252747 0.000000 -0.252747 32767.000000 1598745600 1599631200
CSI 1 1599633000 0.285935 0.000000 -0.285935 32767.000000 1598745600 1599634800
CSI 1 1599636600 0.286957 0.000000 -0.286957 32767.000000 1598745600 1599638400
CSI 1 1599640200 0.319945 0.000000 -0.319945 32767.000000 1598745600 1599642000
CSI 1 1599643800 0.293506 0.000000 -0.293506 32767.000000 1598745600 1599645600
CSI 1 1599647400 0.298119 0.000000 -0.298119 32767.000000 1598745600 1599649200
CSI 1 1599651000 0.315447 0.000000 -0.315447 32767.000000 1598745600 1599652800
CSI 1 1599654600 0.306220 0.000000 -0.306220 32767.000000 1598745600 1599656400
CSI 1 1599658200 0.343849 0.000000 -0.343849 32767.000000 1598745600 1599660000
CSI 1 1599661800 0.340426 0.000000 -0.340426 32767.000000 1598745600 1599663600
CSI 1 1599665400 0.368195 0.000000 -0.368195 32767.000000 1598745600 1599667200
CSI 1 1599669000 0.309322 0.000000 -0.309322 32767.000000 1598745600 1599670800
CSI 1 1599672600 0.291399 0.000000 -0.291399 32767.000000 1598745600 1599674400
CSI 1 1599676200 0.304696 0.000000 -0.304696 32767.000000 1598745600 1599678000
CSI 1 1599679800 0.334416 0.000000 -0.334416 32767.000000 1598745600 1599681600
CSI 1 1599683400 0.370652 0.000000 -0.370652 32767.000000 1598745600 1599685200
CSI 1 1599687000 0.398785 0.000000 -0.398785 32767.000000 1598745600 1599688800
CSI 1 1599690600 0.396266 0.000000 -0.396266 32767.000000 1598745600 1599692400
CSI 1 1599694200 0.363141 0.000000 -0.363141 32767.000000 1598745600 1599696000
CSI 1 1599697800 0.373973 0.000000 -0.373973 32767.000000 1598745600 1599699600
CSI 1 1599701400 0.377473 0.000000 -0.377473 32767.000000 1598745600 1599703200
CSI 1 1599705000 0.349845 0.000000 -0.349845 32767.000000 1598745600 1599706800
CSI 1 1599708600 0.376766 0.000000 -0.376766 32767.000000 1598745600 1599710400
CSI 1 1599712200 0.356481 0.000000 -0.356481 32767.000000 1598745600 1599714000
CSI 1 1599715800 0.402536 0.000000 -0.402536 32767.000000 1598745600 1599717600
CSI 1 1599719400 0.407738 0.000000 -0.407738 32767.000000 1598745600 1599721200
CSI 1 1599723000 0.435897 0.000000 -0.435897 32767.000000 1598745600 1599724800
CSI 1 1599726600 0.384513 0.000000 -0.384513 32767.000000 1598745600 1599728400
CSI 1 1599730200 0.372396 0.000000 -0.372396 32767.000000 1598745600 1599732000
CSI 1 1599733800 0.392387 0.000000 -0.392387 32767.000000 1598745600 1599735600
CSI 1 1599737400 0.403323 0.000000 -0.403323 32767.000000 1598745600 1599739200
CSI 1 1599741000 0.406051 0.000000 -0.406051 32767.000000 1598745600 1599742800
CSI 1 1599744600 0.409018 0.000000 -0.409018 32767.000000 1598745600 1599746400
CSI 1 1599748200 0.374798 0.000000 -0.374798 32767.000000 1598745600 1599750000
CSI 1 1599751800 0.337209 0.000000 -0.337209 32767.000000 1598745600 1599753600
CSI 1 1599755400 0.278798 0.000000 -0.278798 32767.000000 1598745600 1599757200
CSI 1 1599759000 0.227273 0.000000 -0.227273 32767.000000 1598745600 1599760800
CSI 1 1599762600 0.215328 0.000000 -0.215328 32767.000000 1598745600 1599764400
CSI 1 1599766200 0.211027 0.000000 -0.211027 32767.000000 1598745600 1599768000
CSI 1 1599769800 0.205931 0.000000 -0.205931 32767.000000 1598745600 1599771600
CSI 1 1599773400 0.255591 0.000000 -0.255591 32767.000000 1598745600 1599775200
CSI 1 1599777000 0.314063 0.000000 -0.314063 32767.000000 1598745600 1599778800
CSI 1 1599780600 0.350410 0.000000 -0.350410 32767.000000 1598745600 1599782400
CSI 1 1599784200 0.275794 0.000000 -0.275794 32767.000000 1598745600 1599786000
CSI 1 1599787800 0.240781 0.000000 -0.240781 32767.000000 1598745600 1599789600
CSI 1 1599791400 0.163265 0.000000 -0.163265 32767.000000 1598745600 1599793200
CSI 1 1599795000 0.214286 0.000000 -0.214286 32767.000000 1598745600 1599796800
CSI 1 1599798600 0.151220 0.000000 -0.151220 32767.000000 1598745600 1599800400
CSI 1 1599802200 0.123656 0.000000 -0.123656 32767.000000 1598745600 1599804000
CSI 1 1599805800 0.134409 0.000000 -0.134409 32767.000000 1598745600 1599807600
CSI 1 1599809400 0.181818 0.000000 -0.181818 32767.000000 1598745600 1599811200
CSI 1 1599813000 0.173653 0.000000 -0.173653 32767.000000 1598745600 1599814800
CSI 1 1599816600 0.169903 0.000000 -0.169903 32767.000000 1598745600 1599818400
CSI 1 1599820200 0.278075 0.000000 -0.278075 32767.000000 1598745600 1599822000
CSI 1 1599823800 0.265116 0.000000 -0.265116 32767.000000 1598745600 1599825600
CSI 1 1599827400 0.212670 0.000000 -0.212670 32767.000000 1598745600 1599829200
CSI 1 1599831000 0.222707 0.000000 -0.222707 32767.000000 1598745600 1599832800
CSI 1 1599834600 0.234783 0.000000 -0.234783 32767.000000 1598745600 1599836400
CSI 1 1599838200 0.250000 0.000000 -0.250000 32767.000000 1598745600 1599840000
CSI 1 1599841800 0.208333 0.000000 -0.208333 32767.000000 1598745600 1599843600
CSI 1 1599845400 0.213439 0.000000 -0.213439 32767.000000 1598745600 1599847200
CSI 1 1599849000 0.210526 0.000000 -0.210526 32767.000000 1598745600 1599850800
CSI 1 1599852600 0.197740 0.000000 -0.197740 32767.000000 1598745600 1599854400
CSI 1 1599856200 0.204225 0.000000 -0.204225 32767.000000 1598745600 1599858000
CSI 1 1599859800 0.203327 0.000000 -0.203327 32767.000000 1598745600 1599861600
CSI 1 1599863400 0.246106 0.000000 -0.246106 32767.000000 1598745600 1599865200
CSI 1 1599867000 0.229308 0.000000 -0.229308 32767.000000 1598745600 1599868800
CSI 1 1599870600 0.233434 0.000000 -0.233434 32767.000000 1598745600 1599872400
CSI 1 1599874200 0.176367 0.000000 -0.176367 32767.000000 1598745600 1599876000
CSI 1 1599877800 0.207373 0.000000 -0.207373 32767.000000 1598745600 1599879600
CSI 1 1599881400 0.206349 0.000000 -0.206349 32767.000000 1598745600 1599883200
CSI 1 1599885000 0.224658 0.000000 -0.224658 32767.000000 1598745600 1599886800
CSI 1 1599888600 0.229974 0.000000 -0.229974 32767.000000 1598745600 1599890400
CSI 1 1599892200 0.307500 0.000000 -0.307500 32767.000000 1598745600 1599894000
CSI 1 1599895800 0.378223 0.000000 -0.378223 32767.000000 1598745600 1599897600
CSI 1 1599899400 0.370482 0.000000 -0.370482 32767.000000 1598745600 1599901200
CSI 1 1599903000 0.418685 0.000000 -0.418685 32767.000000 1598745600 1599904800
CSI 1 1599906600 0.356061 0.000000 -0.356061 32767.000000 1598745600 1599908400
CSI 1 1599910200 0.351351 0.000000 -0.351351 32767.000000 1598745600 1599912000
CSI 1 1599913800 0.300395 0.000000 -0.300395 32767.000000 1598745600 1599915600
CSI 1 1599917400 0.371528 0.000000 -0.371528 32767.000000 1598745600 1599919200
CSI 1 1599921000 0.367925 0.000000 -0.367925 32767.000000 1598745600 1599922800
CSI 1 1599924600 0.310096 0.000000 -0.310096 32767.000000 1598745600 1599926400
CSI 1 1599928200 0.290000 0.000000 -0.290000 32767.000000 1598745600 1599930000
CSI 1 1599931800 0.296680 0.000000 -0.296680 32767.000000 1598745600 1599933600
CSI 1 1599935400 0.271881 0.000000 -0.271881 32767.000000 1598745600 1599937200
CSI 1 1599939000 0.288786 0.000000 -0.288786 32767.000000 1598745600 1599940800
CSI 1 1599942600 0.281088 0.000000 -0.281088 32767.000000 1598745600 1599944400
CSI 1 1599946200 0.266900 0.000000 -0.266900 32767.000000 1598745600 1599948000
CSI 1 1599949800 0.282828 0.000000 -0.282828 32767.000000 1598745600 1599951600
CSI 1 1599953400 0.262383 0.000000 -0.262383 32767.000000 1598745600 1599955200
CSI 1 1599957000 0.208394 0.000000 -0.208394 32767.000000 1598745600 1599958800
CSI 1 1599960600 0.250000 0.000000 -0.250000 32767.000000 1598745600 1599962400
CSI 1 1599964200 0.246781 0.000000 -0.246781 32767.000000 1598745600 1599966000
CSI 1 1599967800 0.220302 0.000000 -0.220302 32767.000000 1598745600 1599969600
CSI 1 1599971400 0.235000 0.000000 -0.235000 32767.000000 1598745600 1599973200
CSI 1 1599975000 0.229167 0.000000 -0.229167 32767.000000 1598745600 1599976800
CSI 1 1599978600 0.230539 0.000000 -0.230539 32767.000000 1598745600 1599980400
CSI 1 1599982200 0.249158 0.000000 -0.249158 32767.000000 1598745600 1599984000
CSI 1 1599985800 0.260274 0.000000 -0.260274 32767.000000 1598745600 1599987600
CSI 1 1599989400 0.241993 0.000000 -0.241993 32767.000000 1598745600 1599991200
CSI 1 1599993000 0.306050 0.000000 -0.306050 32767.000000 1598745600 1599994800
CSI 1 1599996600 0.292169 0.000000 -0.292169 32767.000000 1598745600 1599998400
CSI 1 1600000200 0.290909 0.000000 -0.290909 32767.000000 1598745600 1600002000
CSI 1 1600003800 0.345411 0.000000 -0.345411 32767.000000 1598745600 1600005600
CSI 1 1600007400 0.390995 0.000000 -0.390995 32767.000000 1598745600 1600009200
CSI 1 1600011000 0.372549 0.000000 -0.372549 32767.000000 1598745600 1600012800
CSI 1 1600014600 0.347826 0.000000 -0.347826 32767.000000 1598745600 1600016400
CSI 1 1600018200 0.336384 0.000000 -0.336384 32767.000000 1598745600 1600020000
CSI 1 1600021800 0.328018 0.000000 -0.328018 32767.000000 1598745600 1600023600
CSI 1 1600025400 0.320463 0.000000 -0.320463 32767.000000 1598745600 1600027200
CSI 1 1600029000 0.315992 0.000000 -0.315992 32767.000000 1598745600 1600030800
CSI 1 1600032600 0.288973 0.000000 -0.288973 32767.000000 1598745600 1600034400
CSI 1 1600036200 0.228346 0.000000 -0.228346 32767.000000 1598745600 1600038000
CSI 1 1600039800 0.150235 0.000000 -0.150235 32767.000000 1598745600 1600041600
CSI 1 1600043400 0.102981 0.000000 -0.102981 32767.000000 1598745600 1600045200
CSI 1 1600047000 0.138408 0.000000 -0.138408 32767.000000 1598745600 1600048800
CSI 1 1600050600 0.071685 0.000000 -0.071685 32767.000000 1598745600 1600052400
CSI 1 1600054200 0.071970 0.000000 -0.071970 32767.000000 1598745600 1600056000
CSI 1 1600057800 0.048544 0.000000 -0.048544 32767.000000 1598745600 1600059600
CSI 1 1600061400 0.006173 0.000000 -0.006173 32767.000000 1598745600 1600063200
CSI 1 1600065000 0.016129 0.000000 -0.016129 32767.000000 1598745600 1600066800
CSI 1 1600068600 0.044248 0.000000 -0.044248 32767.000000 1598745600 1600070400
CSI 1 1600072200 0.068182 0.000000 -0.068182 32767.000000 1598745600 1600074000
CSI 1 1600075800 0.034091 0.000000 -0.034091 32767.000000 1598745600 1600077600
CSI 1 1600079400 0.107692 0.000000 -0.107692 32767.000000 1598745600 1600081200
CSI 1 1600083000 0.048193 0.000000 -0.048193 32767.000000 1598745600 1600084800
CSI 1 1600086600 0.095890 0.000000 -0.095890 32767.000000 1598745600 1600088400
CSI 1 1600090200 0.076087 0.000000 -0.076087 32767.000000 1598745600 1600092000
CSI 1 1600093800 0.060976 0.000000 -0.060976 32767.000000 1598745600 1600095600
CSI 1 1600097400 0.111111 0.000000 -0.111111 32767.000000 1598745600 1600099200
CSI 1 1600101000 0.064516 0.000000 -0.064516 32767.000000 1598745600 1600102800
CSI 1 1600104600 0.094118 0.000000 -0.094118 32767.000000 1598745600 1600106400
CSI 1 1600108200 0.102151 0.000000 -0.102151 32767.000000 1598745600 1600110000
CSI 1 1600111800 0.143498 0.000000 -0.143498 32767.000000 1598745600 1600113600
CSI 1 1600115400 0.107527 0.000000 -0.107527 32767.000000 1598745600 1600117200
CSI 1 1600119000 0.138889 0.000000 -0.138889 32767.000000 1598745600 1600120800
CSI 1 1600122600 0.162963 0.000000 -0.162963 32767.000000 1598745600 1600124400
CSI 1 1600126200 0.146067 0.000000 -0.146067 32767.000000 1598745600 1600128000
CSI 1 1600129800 0.083591 0.000000 -0.083591 32767.000000 1598745600 1600131600
CSI 1 1600133400 0.084967 0.000000 -0.084967 32767.000000 1598745600 1600135200
CSI 1 1600137000 0.085837 0.000000 -0.085837 32767.000000 1598745600 1600138800
CSI 1 1600140600 0.073892 0.000000 -0.073892 32767.000000 1598745600 1600142400
CSI 1 1600144200 0.078014 0.000000 -0.078014 32767.000000 1598745600 1600146000
CSI 1 1600147800 0.104651 0.000000 -0.104651 32767.000000 1598745600 1600149600
CSI 1 1600151400 0.148148 0.000000 -0.148148 32767.000000 1598745600 1600153200
CSI 1 1600155000 0.183333 0.000000 -0.183333 32767.000000 1598745600 1600156800
CSI 1 1600158600 0.185841 0.000000 -0.185841 32767.000000 1598745600 1600160400
CSI 1 1600162200 0.130081 0.000000 -0.130081 32767.000000 1598745600 1600164000
CSI 1 1600165800 0.149660 0.000000 -0.149660 32767.000000 1598745600 1600167600
CSI 1 1600169400 0.162338 0.000000 -0.162338 32767.000000 1598745600 1600171200
CSI 1 1600173000 0.125683 0.000000 -0.125683 32767.000000 1598745600 1600174800
CSI 1 1600176600 0.074713 0.000000 -0.074713 32767.000000 1598745600 1600178400
CSI 1 1600180200 0.090395 0.000000 -0.090395 32767.000000 1598745600 1600182000
CSI 1 1600183800 0.082707 0.000000 -0.082707 32767.000000 1598745600 1600185600
CSI 1 1600187400 0.151724 0.000000 -0.151724 32767.000000 1598745600 1600189200
CSI 1 1600191000 0.130841 0.000000 -0.130841 32767.000000 1598745600 1600192800
CSI 1 1600194600 0.189055 0.000000 -0.189055 32767.000000 1598745600 1600196400
CSI 1 1600198200 0.290155 0.000000 -0.290155 32767.000000 1598745600 1600200000
CSI 1 1600201800 0.250000 0.000000 -0.250000 32767.000000 1598745600 1600203600
CSI 1 1600205400 0.199170 0.000000 -0.199170 32767.000000 1598745600 1600207200
CSI 1 1600209000 0.168498 0.000000 -0.168498 32767.000000 1598745600 1600210800
CSI 1 1600212600 0.205224 0.000000 -0.205224 32767.000000 1598745600 1600214400
CSI 1 1600216200 0.256809 0.000000 -0.256809 32767.000000 1598745600 1600218000
CSI 1 1600219800 0.205882 0.000000 -0.205882 32767.000000 1598745600 1600221600
CSI 1 1600223400 0.285714 0.000000 -0.285714 32767.000000 1598745600 1600225200
CSI 1 1600227000 0.285156 0.000000 -0.285156 32767.000000 1598745600 1600228800
CSI 1 1600230600 0.232877 0.000000 -0.232877 32767.000000 1598745600 1600232400
CSI 1 1600234200 0.182796 0.000000 -0.182796 32767.000000 1598745600 1600236000
CSI 1 1600237800 0.190476 0.000000 -0.190476 32767.000000 1598745600 1600239600
CSI 1 1600241400 0.236220 0.000000 -0.236220 32767.000000 1598745600 1600243200
CSI 1 1600245000 0.314961 0.000000 -0.314961 32767.000000 1598745600 1600246800
CSI 1 1600248600 0.364407 0.000000 -0.364407 32767.000000 1598745600 1600250400
CSI 1 1600252200 0.302083 0.000000 -0.302083 32767.000000 1598745600 1600254000
CSI 1 1600255800 0.299145 0.000000 -0.299145 32767.000000 1598745600 1600257600
CSI 1 1600259400 0.266129 0.000000 -0.266129 32767.000000 1598745600 1600261200
CSI 1 1600263000 0.302817 0.000000 -0.302817 32767.000000 1598745600 1600264800
CSI 1 1600266600 0.325581 0.000000 -0.325581 32767.000000 1598745600 1600268400
CSI 1 1600270200 0.281690 0.000000 -0.281690 32767.000000 1598745600 1600272000
CSI 1 1600273800 0.357414 0.000000 -0.357414 32767.000000 1598745600 1600275600
CSI 1 1600277400 0.435065 0.000000 -0.435065 32767.000000 1598745600 1600279200
CSI 1 1600281000 0.451923 0.000000 -0.451923 32767.000000 1598745600 1600282800
CSI 1 1600284600 0.481793 0.000000 -0.481793 32767.000000 1598745600 1600286400
CSI 1 1600288200 0.519722 0.000000 -0.519722 32767.000000 1598745600 1600290000
CSI 1 1600291800 0.439425 0.000000 -0.439425 32767.000000 1598745600 1600293600
CSI 1 1600295400 0.373469 0.000000 -0.373469 32767.000000 1598745600 1600297200
CSI 1 1600299000 0.401316 0.000000 -0.401316 32767.000000 1598745600 1600300800
CSI 1 1600302600 0.399132 0.000000 -0.399132 32767.000000 1598745600 1600304400
CSI 1 1600306200 0.446215 0.000000 -0.446215 32767.000000 1598745600 1600308000
CSI 1 1600309800 0.448864 0.000000 -0.448864 32767.000000 1598745600 1600311600
CSI 1 1600313400 0.478339 0.000000 -0.478339 32767.000000 1598745600 1600315200
CSI 1 1600317000 0.540856 0.000000 -0.540856 32767.000000 1598745600 1600318800
CSI 1 1600320600 0.558943 0.000000 -0.558943 32767.000000 1598745600 1600322400
CSI 1 1600324200 0.552783 0.000000 -0.552783 32767.000000 1598745600 1600326000
CSI 1 1600327800 0.565455 0.000000 -0.565455 32767.000000 1598745600 1600329600
CSI 1 1600331400 0.581034 0.000000 -0.581034 32767.000000 1598745600 1600333200
CSI 1 1600335000 0.675241 0.000000 -0.675241 32767.000000 1598745600 1600336800
CSI 1 1600338600 0.778535 0.000000 -0.778535 32767.000000 1598745600 1600340400
CSI 1 1600342200 0.593509 0.000000 -0.593509 32767.000000 1598745600 1600344000
CSI 1 1600345800 0.684124 0.000000 -0.684124 32767.000000 1598745600 1600347600
CSI 1 1600349400 0.641720 0.000000 -0.641720 32767.000000 1598745600 1600351200
CSI 1 1600353000 0.544753 0.000000 -0.544753 32767.000000 1598745600 1600354800
CSI 1 1600356600 0.546926 0.000000 -0.546926 32767.000000 1598745600 1600358400
CSI 1 1600360200 0.479167 0.000000 -0.479167 32767.000000 1598745600 1600362000
CSI 1 1600363800 0.499176 0.000000 -0.499176 32767.000000 1598745600 1600365600
CSI 1 1600367400 0.551664 0.000000 -0.551664 32767.000000 1598745600 1600369200
CSI 1 1600371000 0.489149 0.000000 -0.489149 32767.000000 1598745600 1600372800
CSI 1 1600374600 0.465636 0.000000 -0.465636 32767.000000 1598745600 1600376400
CSI 1 1600378200 0.479365 0.000000 -0.479365 32767.000000 1598745600 1600380000
CSI 1 1600381800 0.523191 0.000000 -0.523191 32767.000000 1598745600 1600383600
CSI 1 1600385400 0.462745 0.000000 -0.462745 32767.000000 1598745600 1600387200
CSI 1 1600389000 0.449878 0.000000 -0.449878 32767.000000 1598745600 1600390800
CSI 1 1600392600 0.408163 0.000000 -0.408163 32767.000000 1598745600 1600394400
CSI 1 1600396200 0.450867 0.000000 -0.450867 32767.000000 1598745600 1600398000
CSI 1 1600399800 0.377709 0.000000 -0.377709 32767.000000 1598745600 1600401600
CSI 1 1600403400 0.368932 0.000000 -0.368932 32767.000000 1598745600 1600405200
CSI 1 1600407000 0.299625 0.000000 -0.299625 32767.000000 1598745600 1600408800
CSI 1 1600410600 0.280851 0.000000 -0.280851 32767.000000 1598745600 1600412400
CSI 1 1600414200 0.259843 0.000000 -0.259843 32767.000000 1598745600 1600416000
CSI 1 1600417800 0.295154 0.000000 -0.295154 32767.000000 1598745600 1600419600
CSI 1 1600421400 0.279188 0.000000 -0.279188 32767.000000 1598745600 1600423200
CSI 1 1600425000 0.333333 0.000000 -0.333333 32767.000000 1598745600 1600426800
CSI 1 1600428600 0.212963 0.000000 -0.212963 32767.000000 1598745600 1600430400
CSI 1 1600432200 0.262136 0.000000 -0.262136 32767.000000 1598745600 1600434000
CSI 1 1600435800 0.215517 0.000000 -0.215517 32767.000000 1598745600 1600437600
CSI 1 1600439400 0.228814 0.000000 -0.228814 32767.000000 1598745600 1600441200
CSI 1 1600443000 0.152047 0.000000 -0.152047 32767.000000 1598745600 1600444800
CSI 1 1600446600 0.146739 0.000000 -0.146739 32767.000000 1598745600 1600448400
CSI 1 1600450200 0.131250 0.000000 -0.131250 32767.000000 1598745600 1600452000
CSI 1 1600453800 0.158940 0.000000 -0.158940 32767.000000 1598745600 1600455600
CSI 1 1600457400 0.184524 0.000000 -0.184524 32767.000000 1598745600 1600459200
CSI 1 1600461000 0.207101 0.000000 -0.207101 32767.000000 1598745600 1600462800
CSI 1 1600464600 0.220994 0.000000 -0.220994 32767.000000 1598745600 1600466400
CSI 1 1600468200 0.185484 0.000000 -0.185484 32767.000000 1598745600 1600470000
CSI 1 1600471800 0.196226 0.000000 -0.196226 32767.000000 1598745600 1600473600
CSI 1 1600475400 0.162264 0.000000 -0.162264 32767.000000 1598745600 1600477200
CSI 1 1600479000 0.213178 0.000000 -0.213178 32767.000000 1598745600 1600480800
CSI 1 1600482600 0.187755 0.000000 -0.187755 32767.000000 1598745600 1600484400
CSI 1 1600486200 0.201923 0.000000 -0.201923 32767.000000 1598745600 1600488000
CSI 1 1600489800 0.206897 0.000000 -0.206897 32767.000000 1598745600 1600491600
CSI 1 1600493400 0.163399 0.000000 -0.163399 32767.000000 1598745600 1600495200
CSI 1 1600497000 0.161677 0.000000 -0.161677 32767.000000 1598745600 1600498800
CSI 1 1600500600 0.233503 0.000000 -0.233503 32767.000000 1598745600 1600502400
CSI 1 1600504200 0.316832 0.000000 -0.316832 32767.000000 1598745600 1600506000
CSI 1 1600507800 0.297674 0.000000 -0.297674 32767.000000 1598745600 1600509600
CSI 1 1600511400 0.291262 0.000000 -0.291262 32767.000000 1598745600 1600513200
CSI 1 1600515000 0.251101 0.000000 -0.251101 32767.000000 1598745600 1600516800
CSI 1 1600518600 0.269767 0.000000 -0.269767 32767.000000 1598745600 1600520400
CSI 1 1600522200 0.331606 0.000000 -0.331606 32767.000000 1598745600 1600524000
CSI 1 1600525800 0.306452 0.000000 -0.306452 32767.000000 1598745600 1600527600
CSI 1 1600529400 0.309701 0.000000 -0.309701 32767.000000 1598745600 1600531200
CSI 1 1600533000 0.325926 0.000000 -0.325926 32767.000000 1598745600 1600534800
CSI 1 1600536600 0.338912 0.000000 -0.338912 32767.000000 1598745600 1600538400
CSI 1 1600540200 0.276786 0.000000 -0.276786 32767.000000 1598745600 1600542000
CSI 1 1600543800 0.196507 0.000000 -0.196507 32767.000000 1598745600 1600545600
CSI 1 1600547400 0.186722 0.000000 -0.186722 32767.000000 1598745600 1600549200
CSI 1 1600551000 0.223529 0.000000 -0.223529 32767.000000 1598745600 1600552800
CSI 1 1600554600 0.262673 0.000000 -0.262673 32767.000000 1598745600 1600556400
CSI 1 1600558200 0.278846 0.000000 -0.278846 32767.000000 1598745600 1600560000
CSI 1 1600561800 0.270386 0.000000 -0.270386 32767.000000 1598745600 1600563600
CSI 1 1600565400 0.277344 0.000000 -0.277344 32767.000000 1598745600 1600567200
CSI 1 1600569000 0.279279 0.000000 -0.279279 32767.000000 1598745600 1600570800
CSI 1 1600572600 0.189744 0.000000 -0.189744 32767.000000 1598745600 1600574400
CSI 1 1600576200 0.138554 0.000000 -0.138554 32767.000000 1598745600 1600578000
CSI 1 1600579800 0.076923 0.000000 -0.076923 32767.000000 1598745600 1600581600
CSI 1 1600583400 0.051282 0.000000 -0.051282 32767.000000 1598745600 1600585200
CSI 1 1600587000 0.070866 0.000000 -0.070866 32767.000000 1598745600 1600588800
CSI 1 1600590600 0.160839 0.000000 -0.160839 32767.000000 1598745600 1600592400
CSI 1 1600594200 0.166667 0.000000 -0.166667 32767.000000 1598745600 1600596000
CSI 1 1600597800 0.164706 0.000000 -0.164706 32767.000000 1598745600 1600599600
CSI 1 1600601400 0.175258 0.000000 -0.175258 32767.000000 1598745600 1600603200
CSI 1 1600605000 0.087912 0.000000 -0.087912 32767.000000 1598745600 1600606800
CSI 1 1600608600 0.121212 0.000000 -0.121212 32767.000000 1598745600 1600610400
CSI 1 1600612200 0.187500 0.000000 -0.187500 32767.000000 1598745600 1600614000
CSI 1 1600615800 0.178218 0.000000 -0.178218 32767.000000 1598745600 1600617600
CSI 1 1600619400 0.172414 0.000000 -0.172414 32767.000000 1598745600 1600621200
CSI 1 1600623000 0.248408 0.000000 -0.248408 32767.000000 1598745600 1600624800
CSI 1 1600626600 0.381526 0.000000 -0.381526 32767.000000 1598745600 1600628400
CSI 1 1600630200 0.332215 0.000000 -0.332215 32767.000000 1598745600 1600632000
CSI 1 1600633800 0.337705 0.000000 -0.337705 32767.000000 1598745600 1600635600
CSI 1 1600637400 0.237668 0.000000 -0.237668 32767.000000 1598745600 1600639200
CSI 1 1600641000 0.191781 0.000000 -0.191781 32767.000000 1598745600 1600642800
CSI 1 1600644600 0.170213 0.000000 -0.170213 32767.000000 1598745600 1600646400
CSI 1 1600648200 0.173077 0.000000 -0.173077 32767.000000 1598745600 1600650000
CSI 1 1600651800 0.122137 0.000000 -0.122137 32767.000000 1598745600 1600653600
CSI 1 1600655400 0.087719 0.000000 -0.087719 32767.000000 1598745600 1600657200
CSI 1 1600659000 0.062857 0.000000 -0.062857 32767.000000 1598745600 1600660800
CSI 1 1600662600 0.075000 0.000000 -0.075000 32767.000000 1598745600 1600664400
CSI 1 1600666200 0.070000 0.000000 -0.070000 32767.000000 1598745600 1600668000
CSI 1 1600669800 0.347518 0.000000 -0.347518 32767.000000 1598745600 1600671600
CSI 1 1600673400 0.396341 0.000000 -0.396341 32767.000000 1598745600 1600675200
CSI 1 1600677000 0.355263 0.000000 -0.355263 32767.000000 1598745600 1600678800
CSI 1 1600680600 0.239130 0.000000 -0.239130 32767.000000 1598745600 1600682400
CSI 1 1600684200 0.160920 0.000000 -0.160920 32767.000000 1598745600 1600686000
CSI 1 1600687800 0.174757 0.000000 -0.174757 32767.000000 1598745600 1600689600
CSI 1 1600691400 0.198276 0.000000 -0.198276 32767.000000 1598745600 1600693200
CSI 1 1600695000 0.166667 0.000000 -0.166667 32767.000000 1598745600 1600696800
CSI 1 1600698600 0.140244 0.000000 -0.140244 32767.000000 1598745600 1600700400
CSI 1 1600702200 0.162437 0.000000 -0.162437 32767.000000 1598745600 1600704000
CSI 1 1600705800 0.180000 0.000000 -0.180000 32767.000000 1598745600 1600707600
CSI 1 1600709400 0.142857 0.000000 -0.142857 32767.000000 1598745600 1600711200
CSI 1 1600713000 0.252066 0.000000 -0.252066 32767.000000 1598745600 1600714800
CSI 1 1600716600 0.394834 0.000000 -0.394834 32767.000000 1598745600 1600718400
CSI 1 1600720200 0.402556 0.000000 -0.402556 32767.000000 1598745600 1600722000
CSI 1 1600723800 0.413882 0.000000 -0.413882 32767.000000 1598745600 1600725600
CSI 1 1600727400 0.475827 0.000000 -0.475827 32767.000000 1598745600 1600729200
CSI 1 1600731000 0.441489 0.000000 -0.441489 32767.000000 1598745600 1600732800
CSI 1 1600734600 0.455556 0.000000 -0.455556 32767.000000 1598745600 1600736400
CSI 1 1600738200 0.442197 0.000000 -0.442197 32767.000000 1598745600 1600740000
CSI 1 1600741800 0.444744 0.000000 -0.444744 32767.000000 1598745600 1600743600
CSI 1 1600745400 0.480712 0.000000 -0.480712 32767.000000 1598745600 1600747200
CSI 1 1600749000 0.363636 0.000000 -0.363636 32767.000000 1598745600 1600750800
CSI 1 1600752600 0.389262 0.000000 -0.389262 32767.000000 1598745600 1600754400
CSI 1 1600756200 0.552941 0.000000 -0.552941 32767.000000 1598745600 1600758000
CSI 1 1600759800 0.536785 0.000000 -0.536785 32767.000000 1598745600 1600761600
CSI 1 1600763400 0.459103 0.000000 -0.459103 32767.000000 1598745600 1600765200
CSI 1 1600767000 0.457014 0.000000 -0.457014 32767.000000 1598745600 1600768800
CSI 1 1600770600 0.512304 0.000000 -0.512304 32767.000000 1598745600 1600772400
CSI 1 1600774200 0.638950 0.000000 -0.638950 32767.000000 1598745600 1600776000
CSI 1 1600777800 0.631692 0.000000 -0.631692 32767.000000 1598745600 1600779600
CSI 1 1600781400 0.608286 0.000000 -0.608286 32767.000000 1598745600 1600783200
CSI 1 1600785000 0.598441 0.000000 -0.598441 32767.000000 1598745600 1600786800
CSI 1 1600788600 0.603004 0.000000 -0.603004 32767.000000 1598745600 1600790400
CSI 1 1600792200 0.552182 0.000000 -0.552182 32767.000000 1598745600 1600794000
CSI 1 1600795800 0.564583 0.000000 -0.564583 32767.000000 1598745600 1600797600
CSI 1 1600799400 0.498929 0.000000 -0.498929 32767.000000 1598745600 1600801200
CSI 1 1600803000 0.433333 0.000000 -0.433333 32767.000000 1598745600 1600804800
CSI 1 1600806600 0.378119 0.000000 -0.378119 32767.000000 1598745600 1600808400
CSI 1 1600810200 0.363850 0.000000 -0.363850 32767.000000 1598745600 1600812000
CSI 1 1600813800 0.339321 0.000000 -0.339321 32767.000000 1598745600 1600815600
CSI 1 1600817400 0.386878 0.000000 -0.386878 32767.000000 1598745600 1600819200
CSI 1 1600821000 0.408840 0.000000 -0.408840 32767.000000 1598745600 1600822800
CSI 1 1600824600 0.435424 0.000000 -0.435424 32767.000000 1598745600 1600826400
CSI 1 1600828200 0.421365 0.000000 -0.421365 32767.000000 1598745600 1600830000
CSI 1 1600831800 0.428144 0.000000 -0.428144 32767.000000 1598745600 1600833600
CSI 1 1600835400 0.415385 0.000000 -0.415385 32767.000000 1598745600 1600837200
CSI 1 1600839000 0.526480 0.000000 -0.526480 32767.000000 1598745600 1600840800
CSI 1 1600842600 0.612245 0.000000 -0.612245 32767.000000 1598745600 1600844400
CSI 1 1600846200 0.558923 0.000000 -0.558923 32767.000000 1598745600 1600848000
CSI 1 1600849800 0.534722 0.000000 -0.534722 32767.000000 1598745600 1600851600
CSI 1 1600853400 0.505535 0.000000 -0.505535 32767.000000 1598745600 1600855200
CSI 1 1600857000 0.437931 0.000000 -0.437931 32767.000000 1598745600 1600858800
CSI 1 1600860600 0.479624 0.000000 -0.479624 32767.000000 1598745600 1600862400
CSI 1 1600864200 0.495601 0.000000 -0.495601 32767.000000 1598745600 1600866000
CSI 1 1600867800 0.527174 0.000000 -0.527174 32767.000000 1598745600 1600869600
CSI 1 1600871400 0.557895 0.000000 -0.557895 32767.000000 1598745600 1600873200
CSI 1 1600875000 0.542005 0.000000 -0.542005 32767.000000 1598745600 1600876800
CSI 1 1600878600 0.484772 0.000000 -0.484772 32767.000000 1598745600 1600880400
CSI 1 1600882200 0.538462 0.000000 -0.538462 32767.000000 1598745600 1600884000
CSI 1 1600885800 0.502604 0.000000 -0.502604 32767.000000 1598745600 1600887600
CSI 1 1600889400 0.490741 0.000000 -0.490741 32767.000000 1598745600 1600891200
CSI 1 1600893000 0.518201 0.000000 -0.518201 32767.000000 1598745600 1600894800
CSI 1 1600896600 0.477459 0.000000 -0.477459 32767.000000 1598745600 1600898400
CSI 1 1600900200 0.481413 0.000000 -0.481413 32767.000000 1598745600 1600902000
CSI 1 1600903800 0.534221 0.000000 -0.534221 32767.000000 1598745600 1600905600
CSI 1 1600907400 0.528470 0.000000 -0.528470 32767.000000 1598745600 1600909200
CSI 1 1600911000 0.507563 0.000000 -0.507563 32767.000000 1598745600 1600912800
CSI 1 1600914600 0.544369 0.000000 -0.544369 32767.000000 1598745600 1600916400
CSI 1 1600918200 0.527473 0.000000 -0.527473 32767.000000 1598745600 1600920000
CSI 1 1600921800 0.590982 0.000000 -0.590982 32767.000000 1598745600 1600923600
CSI 1 1600925400 0.533442 0.000000 -0.533442 32767.000000 1598745600 1600927200
CSI 1 1600929000 0.460800 0.000000 -0.460800 32767.000000 1598745600 1600930800
CSI 1 1600932600 0.442088 0.000000 -0.442088 32767.000000 1598745600 1600934400
CSI 1 1600936200 0.498221 0.000000 -0.498221 32767.000000 1598745600 1600938000
CSI 1 1600939800 0.503425 0.000000 -0.503425 32767.000000 1598745600 1600941600
CSI 1 1600943400 0.495854 0.000000 -0.495854 32767.000000 1598745600 1600945200
CSI 1 1600947000 0.434866 0.000000 -0.434866 32767.000000 1598745600 1600948800
CSI 1 1600950600 0.390845 0.000000 -0.390845 32767.000000 1598745600 1600952400
CSI 1 1600954200 0.376984 0.000000 -0.376984 32767.000000 1598745600 1600956000
CSI 1 1600957800 0.389961 0.000000 -0.389961 32767.000000 1598745600 1600959600
CSI 1 1600961400 0.346278 0.000000 -0.346278 32767.000000 1598745600 1600963200
CSI 1 1600965000 0.464927 0.000000 -0.464927 32767.000000 1598745600 1600966800
CSI 1 1600968600 0.524465 0.000000 -0.524465 32767.000000 1598745600 1600970400
CSI 1 1600972200 0.507317 0.000000 -0.507317 32767.000000 1598745600 1600974000
CSI 1 1600975800 0.487226 0.000000 -0.487226 32767.000000 1598745600 1600977600
CSI 1 1600979400 0.431159 0.000000 -0.431159 32767.000000 1598745600 1600981200
CSI 1 1600983000 0.377425 0.000000 -0.377425 32767.000000 1598745600 1600984800
CSI 1 1600986600 0.399031 0.000000 -0.399031 32767.000000 1598745600 1600988400
CSI 1 1600990200 0.525890 0.000000 -0.525890 32767.000000 1598745600 1600992000
CSI 1 1600993800 0.429285 0.000000 -0.429285 32767.000000 1598745600 1600995600
CSI 1 1600997400 0.343525 0.000000 -0.343525 32767.000000 1598745600 1600999200
CSI 1 1601001000 0.372000 0.000000 -0.372000 32767.000000 1598745600 1601002800
CSI 1 1601004600 0.436620 0.000000 -0.436620 32767.000000 1598745600 1601006400
CSI 1 1601008200 0.433010 0.000000 -0.433010 32767.000000 1598745600 1601010000
CSI 1 1601011800 0.483122 0.000000 -0.483122 32767.000000 1598745600 1601013600
CSI 1 1601015400 0.502075 0.000000 -0.502075 32767.000000 1598745600 1601017200
CSI 1 1601019000 0.496774 0.000000 -0.496774 32767.000000 1598745600 1601020800
CSI 1 1601022600 0.442623 0.000000 -0.442623 32767.000000 1598745600 1601024400
CSI 1 1601026200 0.428875 0.000000 -0.428875 32767.000000 1598745600 1601028000
CSI 1 1601029800 0.518359 0.000000 -0.518359 32767.000000 1598745600 1601031600
CSI 1 1601033400 0.473568 0.000000 -0.473568 32767.000000 1598745600 1601035200
CSI 1 1601037000 0.490991 0.000000 -0.490991 32767.000000 1598745600 1601038800
CSI 1 1601040600 0.443231 0.000000 -0.443231 32767.000000 1598745600 1601042400
CSI 1 1601044200 0.474510 0.000000 -0.474510 32767.000000 1598745600 1601046000
CSI 1 1601047800 0.497175 0.000000 -0.497175 32767.000000 1598745600 1601049600
CSI 1 1601051400 0.476723 0.000000 -0.476723 32767.000000 1598745600 1601053200
CSI 1 1601055000 0.478346 0.000000 -0.478346 32767.000000 1598745600 1601056800
CSI 1 1601058600 0.457490 0.000000 -0.457490 32767.000000 1598745600 1601060400
CSI 1 1601062200 0.378601 0.000000 -0.378601 32767.000000 1598745600 1601064000
CSI 1 1601065800 0.372816 0.000000 -0.372816 32767.000000 1598745600 1601067600
CSI 1 1601069400 0.327172 0.000000 -0.327172 32767.000000 1598745600 1601071200
CSI 1 1601073000 0.302059 0.000000 -0.302059 32767.000000 1598745600 1601074800
CSI 1 1601076600 0.372283 0.000000 -0.372283 32767.000000 1598745600 1601078400
CSI 1 1601080200 0.346041 0.000000 -0.346041 32767.000000 1598745600 1601082000
CSI 1 1601083800 0.319892 0.000000 -0.319892 32767.000000 1598745600 1601085600
CSI 1 1601087400 0.265092 0.000000 -0.265092 32767.000000 1598745600 1601089200
CSI 1 1601091000 0.329412 0.000000 -0.329412 32767.000000 1598745600 1601092800
CSI 1 1601094600 0.294248 0.000000 -0.294248 32767.000000 1598745600 1601096400
CSI 1 1601098200 0.285393 0.000000 -0.285393 32767.000000 1598745600 1601100000
CSI 1 1601101800 0.328488 0.000000 -0.328488 32767.000000 1598745600 1601103600
CSI 1 1601105400 0.299685 0.000000 -0.299685 32767.000000 1598745600 1601107200
CSI 1 1601109000 0.333333 0.000000 -0.333333 32767.000000 1598745600 1601110800
CSI 1 1601112600 0.319672 0.000000 -0.319672 32767.000000 1598745600 1601114400
CSI 1 1601116200 0.306931 0.000000 -0.306931 32767.000000 1598745600 1601118000
CSI 1 1601119800 0.175532 0.000000 -0.175532 32767.000000 1598745600 1601121600
CSI 1 1601123400 0.144279 0.000000 -0.144279 32767.000000 1598745600 1601125200
CSI 1 1601127000 0.178947 0.000000 -0.178947 32767.000000 1598745600 1601128800
CSI 1 1601130600 0.220430 0.000000 -0.220430 32767.000000 1598745600 1601132400
CSI 1 1601134200 0.186747 0.000000 -0.186747 32767.000000 1598745600 1601136000
CSI 1 1601137800 0.124183 0.000000 -0.124183 32767.000000 1598745600 1601139600
CSI 1 1601141400 0.139344 0.000000 -0.139344 32767.000000 1598745600 1601143200
CSI 1 1601145000 0.096000 0.000000 -0.096000 32767.000000 1598745600 1601146800
CSI 1 1601148600 0.107784 0.000000 -0.107784 32767.000000 1598745600 1601150400
CSI 1 1601152200 0.152941 0.000000 -0.152941 32767.000000 1598745600 1601154000
CSI 1 1601155800 0.195489 0.000000 -0.195489 32767.000000 1598745600 1601157600
CSI 1 1601159400 0.185430 0.000000 -0.185430 32767.000000 1598745600 1601161200
CSI 1 1601163000 0.217391 0.000000 -0.217391 32767.000000 1598745600 1601164800
CSI 1 1601166600 0.306748 0.000000 -0.306748 32767.000000 1598745600 1601168400
CSI 1 1601170200 0.296089 0.000000 -0.296089 32767.000000 1598745600 1601172000
CSI 1 1601173800 0.302083 0.000000 -0.302083 32767.000000 1598745600 1601175600
CSI 1 1601177400 0.211765 0.000000 -0.211765 32767.000000 1598745600 1601179200
CSI 1 1601181000 0.086667 0.000000 -0.086667 32767.000000 1598745600 1601182800
CSI 1 1601184600 0.188525 0.000000 -0.188525 32767.000000 1598745600 1601186400
CSI 1 1601188200 0.086614 0.000000 -0.086614 32767.000000 1598745600 1601190000
CSI 1 1601191800 0.180000 0.000000 -0.180000 32767.000000 1598745600 1601193600
CSI 1 1601195400 0.142857 0.000000 -0.142857 32767.000000 1598745600 1601197200
CSI 1 1601199000 0.193182 0.000000 -0.193182 32767.000000 1598745600 1601200800
CSI 1 1601202600 0.131579 0.000000 -0.131579 32767.000000 1598745600 1601204400
CSI 1 1601206200 0.102564 0.000000 -0.102564 32767.000000 1598745600 1601208000
CSI 1 1601209800 0.128205 0.000000 -0.128205 32767.000000 1598745600 1601211600
CSI 1 1601213400 0.082353 0.000000 -0.082353 32767.000000 1598745600 1601215200
CSI 1 1601217000 0.072165 0.000000 -0.072165 32767.000000 1598745600 1601218800
CSI 1 1601220600 0.114943 0.000000 -0.114943 32767.000000 1598745600 1601222400
CSI 1 1601224200 0.227679 0.000000 -0.227679 32767.000000 1598745600 1601226000
CSI 1 1601227800 0.321739 0.000000 -0.321739 32767.000000 1598745600 1601229600
CSI 1 1601231400 0.374532 0.000000 -0.374532 32767.000000 1598745600 1601233200
CSI 1 1601235000 0.307210 0.000000 -0.307210 32767.000000 1598745600 1601236800
CSI 1 1601238600 0.325815 0.000000 -0.325815 32767.000000 1598745600 1601240400
CSI 1 1601242200 0.287968 0.000000 -0.287968 32767.000000 1598745600 1601244000
CSI 1 1601245800 0.283394 0.000000 -0.283394 32767.000000 1598745600 1601247600
CSI 1 1601249400 0.288225 0.000000 -0.288225 32767.000000 1598745600 1601251200
CSI 1 1601253000 0.348748 0.000000 -0.348748 32767.000000 1598745600 1601254800
CSI 1 1601256600 0.338983 0.000000 -0.338983 32767.000000 1598745600 1601258400
CSI 1 1601260200 0.361165 0.000000 -0.361165 32767.000000 1598745600 1601262000
CSI 1 1601263800 0.392578 0.000000 -0.392578 32767.000000 1598745600 1601265600
CSI 1 1601267400 0.454713 0.000000 -0.454713 32767.000000 1598745600 1601269200
CSI 1 1601271000 0.469231 0.000000 -0.469231 32767.000000 1598745600 1601272800
CSI 1 1601274600 0.411985 0.000000 -0.411985 32767.000000 1598745600 1601276400
CSI 1 1601278200 0.350000 0.000000 -0.350000 32767.000000 1598745600 1601280000
CSI 1 1601281800 0.251521 0.000000 -0.251521 32767.000000 1598745600 1601283600
CSI 1 1601285400 0.351981 0.000000 -0.351981 32767.000000 1598745600 1601287200
CSI 1 1601289000 0.382643 0.000000 -0.382643 32767.000000 1598745600 1601290800
CSI 1 1601292600 0.368664 0.000000 -0.368664 32767.000000 1598745600 1601294400
CSI 1 1601296200 0.403941 0.000000 -0.403941 32767.000000 1598745600 1601298000
CSI 1 1601299800 0.398977 0.000000 -0.398977 32767.000000 1598745600 1601301600
CSI 1 1601303400 0.393939 0.000000 -0.393939 32767.000000 1598745600 1601305200
CSI 1 1601307000 0.323684 0.000000 -0.323684 32767.000000 1598745600 1601308800
CSI 1 1601310600 0.288344 0.000000 -0.288344 32767.000000 1598745600 1601312400
CSI 1 1601314200 0.258760 0.000000 -0.258760 32767.000000 1598745600 1601316000
CSI 1 1601317800 0.301235 0.000000 -0.301235 32767.000000 1598745600 1601319600
CSI 1 1601321400 0.291304 0.000000 -0.291304 32767.000000 1598745600 1601323200
CSI 1 1601325000 0.288270 0.000000 -0.288270 32767.000000 1598745600 1601326800
CSI 1 1601328600 0.346578 0.000000 -0.346578 32767.000000 1598745600 1601330400
CSI 1 1601332200 0.428571 0.000000 -0.428571 32767.000000 1598745600 1601334000
CSI 1 1601335800 0.414966 0.000000 -0.414966 32767.000000 1598745600 1601337600
CSI 1 1601339400 0.467933 0.000000 -0.467933 32767.000000 1598745600 1601341200
CSI 1 1601343000 0.491315 0.000000 -0.491315 32767.000000 1598745600 1601344800
CSI 1 1601346600 0.487745 0.000000 -0.487745 32767.000000 1598745600 1601348400
CSI 1 1601350200 0.506944 0.000000 -0.506944 32767.000000 1598745600 1601355600
CSI 1 1601357400 0.431250 0.000000 -0.431250 32767.000000 1598745600 1601359200
CSI 1 1601361000 0.330986 0.000000 -0.330986 32767.000000 1598745600 1601359200
