;stat_type from input is Bias
;sd limit from input is 0.000000
Bias 1743 1 1.449480 0.573781 -0.875699 0.025884 1593406800 1600815600
Bias 1739 2 1.456067 0.584261 -0.871806 0.025611 1593406800 1600815600
Bias 1734 3 1.449638 0.622769 -0.826868 0.024437 1593406800 1600815600
Bias 1731 4 1.440458 0.639103 -0.801355 0.025946 1593406800 1600815600
Bias 1727 5 1.438509 0.639418 -0.799090 0.024224 1593406800 1600815600
Bias 1722 6 1.440203 0.639856 -0.800347 0.023807 1593406800 1600815600
Bias 1719 7 1.443675 0.647578 -0.796097 0.023439 1593406800 1600815600
Bias 1715 8 1.450219 0.658859 -0.791359 0.022787 1593406800 1600815600
Bias 1713 9 1.459878 0.668851 -0.791027 0.022852 1593406800 1600815600
Bias 1703 12 1.485619 0.703489 -0.782130 0.024651 1593406800 1600815600
Bias 1693 15 1.515915 0.721925 -0.793990 0.023866 1593406800 1600815600
Bias 1670 18 1.772246 0.726910 -1.045336 0.033687 1593406800 1600815600
Bias 277 24 1.867950 0.774010 -1.093940 0.080817 1593406800 1600815600
Bias 278 30 1.902511 0.783673 -1.118838 0.086042 1593406800 1600815600
Bias 273 36 2.188791 0.782909 -1.405883 0.105964 1593406800 1600815600
